1 2 3 4 5 6 7 8 9 10 11 12 13 14 15 16 17 18 19 20 21 22 23 24 25 26 27 28 29 30
31 32 33
34 35 36
37 38 39 40 41 42 43 44 45 46 47
39 40 48 49
39 40 49 50 51 52 53 54 55 56 57 58 59
33 42 60 61 62 63
4 40 49
64 65 66 67 68 69
33 70
49 71 72 73
40 74 75 76 77 78 79 80
37 39 40 42 49 80 81 82
83 84 85
42 86 87 88 89
40 49 90 91 92 93 94 95 96 97 98 99 100 101 102
37 39 40 49 90
40 42 103 104 105 106 107 108 109
39 40 42 110 111
40 112 113 114 115 116 117 118 119
120 121 122 123 124 125 126 127 128 129 130 131 132 133 134
49 135 136 137
40 49 138 139 140 141 142 143 144 145 146 147 148 149 150
40 151 152 153
39 40 57 154 155 156
49 157 158 159 160 161
40 42 49
162 163 164 165 166 167 168
39 40 49 169 170 171 172 173 174
33 40 42 49 175 176 177 178 179
33 39 40 48 49 180 181 182 183 184
40 185 186 187
37 39 42 49 141 188 189
40 49 187 190 191 192 193 194 195 196 197 198 199 200 201
40 202 203 204 205 206 207 208 209 210
40 66 194 211 212 213 214 215 216
180 217 218 219 220 221 222 223 224 225
226 227 228
40 42 49 229 230 231 232
37 39 40 233 234 235 236 237 238 239 240 241 242 243
40 244 245 246
40 42 49 247 248 249 250 251
40 49 66 252 253 254
49 231 255
40 49 67 79 243 256 257 258 259 260 261 262
40 49 263
37 39 40 226 264 265 266 267 268
40 243 269 270 271 272
40 49 80 147 238 257 273 274
275
33 39 40 49 276 277 278 279 280 281 282 283 284
40 49 69
39 40 49 96 97 106 285 286 287 288
40 42 49 213 289 290 291 292 293 294 295 296 297 298 299 300
301 302 303
37 39 40 106 304 305 306 307 308 309 310 311 312 313 314 315 316 317 318 319 320 321 322
11 323 324 325 326 327 328
40 49 153 162 329
40 330 331
49 332 333 334 335 336 337 338 339 340
19 38 39 42 49 148 341 342 343 344 345 346 347 348
33 40 42 49 349 350 351
49 352 353 354 355 356 357 358 359 360 361 362 363 364 365
366 367
39 40 42 49 61 368 369 370 371 372 373 374 375 376
2 12 40 42 49 66 90 377 378 379 380 381 382 383 384 385 386
387 388 389 390
39 42 391
39 56 392
33 44 152 153 202 259 341 393 394 395 396 397 398 399 400
339 401 402 403 404 405
40 406 407 408
49 90 102 180 187 259 341 409 410 411 412 413 414 415 416 417 418 419 420 421 422 423
40 46 49 249 424 425 426 427
142 345 428 429 430 431 432
40 433 434 435
40 49 66 436 437 438 439
16 24 37 39 49 124 230 292 332 338 391 440 441 442 443 444 445 446 447 448 449 450 451
49 452 453 454 455 456 457 458 459 460 461
38 39 49 148 175 462 463 464 465 466 467 468 469 470 471 472
40 49 473 474 475 476
40 42 477
478 479 480
40 162 481 482 483 484 485 486 487
33 40 42 49 153 238 397
39 40 42 106 111 488
61 382
12 40 49 256 489 490 491 492 493 494 495 496 497 498 499 500 501
40
42 111 502
33 39 40 49 171 179 503 504
39 42 505
226 233 348 506 507 508 509 510 511 512 513 514 515 516
39 40 42 49 171 190 226 271 517
40 49
39 40 282 518
3 519 520 521
311 522 523
42 524 525
49 311 417 522 523 526 527 528 529 530 531 532
39 40 111 533
19 39 48 49 90 259 294 339 366 534 535 536 537 538 539 540 541 542 543 544 545
40 49 107 108 265 309 385 499 546 547 548 549 550
40 49 313 551 552 553 554 555 556 557 558 559
33 40 42 49 90 130 256 358 368 369 409 492 553 560 561 562 563 564 565 566 567 568 569 570 571
39 171 202 572
40 42 49 573 574 575 576
39 40 162 282
37 39 49 79 156 577 578 579 580 581 582 583 584 585 586 587 588 589 590 591 592
40 49 593 594 595 596 597 598 599 600 601
40 179 602 603
39 40 171 208 604 605 606 607
127 291 293 549 608 609 610 611 612 613 614 615 616 617 618 619 620 621 622 623 624 625
626 627
40 49 628
40 42 49 135 273 476 629 630 631 632 633 634 635 636 637
40 49
39 40 42 49 90 111 638 639 640
39 49 171 243 256 390 605 641 642 643 644 645 646 647 648
37 39 40 272
40
40 90 187 544 649 650 651 652 653 654 655
42 512 656 657 658
40 49 659
40 49 202 660 661 662 663 664 665 666 667 668 669 670 671 672 673 674 675 676
40 42 677 678 679 680
40 73 366
40 681 682
24 40 42 49 261 358 471 683 684 685 686 687 688 689 690 691 692 693 694
38 39 40 49 695
33 40 167 347 534 696 697 698 699 700 701 702 703 704 705
13 40 579 598 706 707 708 709 710 711 712 713
40 156 339 714 715
38 39 40 42 49 171 434 716 717 718
719 720
40 49 151 161 721
20 37 39 40 42 49 249 544 722 723 724 725 726 727 728 729 730 731 732 733 734 735 736 737 738 739 740 741
42 49 742 743 744 745 746
11 747
10 40 42
748
360 749
10 228 716 750 751 752 753 754 755 756
40 49 69 650 757 758 759 760 761 762 763 764
210 212 243 619 638 652 765 766 767
648 768 769 770
40 42 771
39 287 360
39 111
20 40 285 421 772 773
40 49 774 775
38 39 111 335 776 777 778 779 780
12 40 42 49 68 103 226 229 279 565 781 782 783 784 785 786 787 788 789 790
39 40 42 791 792
39 40 49 287
39 40 42 48 49 62 151 313 442 562 623 650 793 794 795 796 797 798 799 800 801 802 803 804 805 806
49 769 807
39 42 171 421
39 287
40 42 49 808 809 810
33 42 421 811
40 49 90 812 813
1 40 49 66 121 182 731 814 815 816 817 818
23 33 40 819 820
40 42 807 821 822 823 824
40 49 180 491 571 573 650 724 825 826 827 828 829 830 831 832 833 834 835
37 39 484 493 741 836 837 838
39 839 840 841 842 843
49 799 844 845 846 847
10 40 49 705 768 810 848 849 850
10 39 40 171 331 715 851 852 853 854
40 42 49 855
238 856 857
40 46 49 523 536 682 858 859 860 861
40 49 862 863
40 49 360
39 40 49 111 162 864 865 866 867
442 646 868 869 870 871 872 873 874 875 876 877 878 879 880 881 882 883 884 885 886
40 42 162 260 261 887 888 889
40 49 799 860 890 891
40 49 102 250 256 279 442 480 496 586 679 810 892 893 894 895 896 897 898 899 900 901 902 903 904 905 906 907
40 908
49 66 909 910 911 912 913 914
39 40 49 171 304 495 915 916
32 40 42 94 917
210 918 919 920 921 922
33 39 40 42 48 192 210 349 391 423 442 548 646 878 923 924 925 926 927 928 929
33 49 271 512 751 930 931 932 933
33 39 40 42 43 171 179 214 273 512 590 934 935 936 937 938 939 940 941 942
40 49 943 944 945 946 947 948 949
39 40 49 287 950 951 952 953
40 42 350 607 666 954 955 956 957 958 959
11 40 42 49 960 961
10 49 97 108 530 550 607 790 962 963 964 965 966
40 270 385 967 968
26 33 42 118 186 233 249 341 504 531 534 763 928 969 970 971 972 973 974 975 976 977 978 979 980 981 982 983
66 77 129 137 186 536 559 613 616 731 914 917 984 985 986 987 988 989 990 991 992 993 994 995 996 997 998 999 1000 1001 1002 1003 1004 1005 1006
1007 1008 1009
40 390 990 1010 1011
40 42 49 716 756 1012 1013 1014 1015 1016 1017 1018
66 102 176 177 179 198 283 302 624 804 807 1019 1020 1021 1022 1023 1024 1025 1026 1027
40 49 238 1028
39 85 108 109 111 134 238 250 494 590 605 676 1029 1030 1031 1032 1033 1034 1035 1036 1037 1038 1039 1040 1041 1042 1043 1044
33 1045 1046 1047
40 46 49 201 260 283 360 366 397 578 590 594 752 1048 1049 1050 1051 1052
33 869 1053 1054 1055
40 42 49 349 353 455 534 694 755 1056 1057 1058
39 40 250 372 741
49 572 682 804 968 971 1032 1059 1060 1061 1062 1063
360 1064
33 39 49 171 187 366 414 476 549 637 1065 1066 1067 1068 1069 1070 1071
40 1072 1073 1074 1075 1076
49 78 102 243 572 617 823 1077 1078 1079 1080 1081 1082 1083 1084 1085 1086 1087 1088 1089 1090
40 49 256 494 1091
39 40 49 329 505 985 1092
49 261 666
40 42 49 957 1032 1093 1094 1095
33
39 171 886 1096
434 1097
32 847 1098 1099 1100 1101 1102 1103 1104
40 49 829 1105 1106 1107 1108 1109 1110 1111 1112
39 40 49 171
39 40 42 391 1113 1114 1115 1116
39 40 42 73 106 209 347 536 1117 1118 1119 1120 1121 1122 1123 1124 1125 1126 1127 1128 1129
40 42 49 76 1001 1130 1131
33 613 977 1014 1132 1133 1134 1135 1136 1137 1138 1139
40 250 1140 1141 1142 1143 1144 1145
1 40 49
39 371
40 49 156 722 767 1063 1146
33 39 40 42 49 64 111 549 1147 1148
37 39 40 42 49 56 333 442 562 741 797 798 810 886 911 957 1149 1150 1151 1152 1153 1154 1155 1156 1157 1158 1159
37 39 49 256 860 1160 1161 1162
40 49 1004 1163 1164 1165
40 49 1166 1167 1168
21 1169 1170 1171 1172
39 40 42 49 106 1173 1174
33 40
49 252 695 810 1145 1175 1176 1177 1178 1179 1180 1181
49 767 782 997 1182 1183 1184
40 49 238 494 677 953 1146 1185 1186
40 49 193 1187
29 39 40 42 162 979 1188 1189 1190 1191
40 49 124 221 476 678 1192 1193 1194 1195
1191
40 49 731 988 1196 1197
40 1198
66 202 267 342 434 523 695 867 1199 1200 1201 1202 1203 1204 1205 1206 1207 1208
69 262 629 1209 1210 1211
33 39 42 111 598 1212 1213 1214 1215
24 40 49 102 256 605 815 1032 1216 1217 1218 1219 1220
1221 1222
188 209 271 1052 1207 1223 1224 1225 1226 1227 1228 1229
39 40 42 49 358 398 534 662 675 791 994 1068 1083 1156 1230 1231 1232 1233 1234 1235 1236 1237 1238 1239 1240 1241 1242 1243 1244 1245 1246 1247 1248
33 40 44 49 68 118 133 442 476 551 666 790 1249 1250 1251 1252
39 171
40 49 678 776 835 1161 1181 1253 1254 1255 1256 1257 1258 1259 1260 1261
650 826 1262 1263 1264 1265 1266
40 1267 1268
40 42 49 1269 1270 1271 1272 1273 1274
40 49 61 201 209 677 714 953 1275 1276 1277
37 39 42 339 341 566 669 1278 1279 1280 1281 1282 1283 1284 1285
40 49 1154 1155 1286
49 152 153 190 256 526 939 1013 1287 1288 1289 1290 1291 1292
40 42 49
39 40 42 49 111 272 1147 1293
49 1294 1295
738 1296 1297
40 49 394 825 1298 1299 1300 1301 1302 1303 1304 1305 1306 1307 1308
476 831 1275 1309
38 39 40 42 49 77 446 559 588 740 974 1310 1311 1312 1313 1314 1315 1316
40 49 50 99 124 238 286 476 876 1019 1136 1317 1318 1319 1320 1321 1322 1323 1324 1325 1326 1327 1328 1329
1330 1331
33 186 692 891 1332 1333 1334
42 49 124 223 256 1335 1336 1337 1338 1339 1340 1341 1342 1343 1344
40 49 480 1345 1346
42 49 124 256 414 426 587 623 728 790 1050 1344 1347 1348 1349 1350 1351 1352 1353
40 49 1174 1354
39 111 1181 1355 1356
40 42 96 102 309 310 375 434 686 742 744 754 861 899 980 999 1080 1081 1154 1155 1270 1357 1358 1359 1360 1361 1362 1363 1364 1365 1366 1367 1368 1369 1370 1371 1372 1373 1374 1375 1376 1377 1378 1379 1380 1381 1382 1383 1384 1385 1386 1387
40 49 335 741 988 1043 1388 1389 1390 1391 1392
39 40 171 843
39 40 49 287 1064 1393
40 1369 1394 1395
39 49 171 1396
40 752
40 49 730 760 881 1237 1397 1398 1399 1400 1401 1402 1403
21 59 102 365 400 523 550 825 838 847 1005 1404 1405 1406 1407 1408 1409
750 1410
37 39 42 256 265 1411 1412
40 49 1413 1414 1415
40 522 623
68 69 70 605 721 1416 1417 1418 1419 1420 1421
39 40 42 49 102 171 476 715 857 1319 1422 1423 1424 1425 1426 1427
40 249 585 1044 1282 1428 1429 1430 1431 1432 1433
40 49 96 196 209 214 810 1217 1434 1435 1436
1437 1438 1439
40 265 465 617 751 974 1440 1441
63 301 1442
40 42 49 740 825 1443 1444
40 49 189 1445 1446 1447
40 46 49 90 335
302 884 1448 1449 1450 1451 1452 1453
40 335 1280
6 201 433 536 582 862 1388 1454 1455 1456 1457 1458 1459 1460 1461 1462 1463
39 40 291 841 860 1464 1465
11 40 49 50 1005 1143 1259 1466 1467 1468 1469 1470 1471
33 40 42 49 302 311 605 720 1083 1278 1472 1473 1474 1475 1476 1477 1478 1479 1480 1481 1482
37 39 40 271 1130
40 42 185 205 1388 1466 1483 1484 1485 1486 1487
1488
39 40 61 372 1489
37 39 49 382 1490 1491
40 42 49 382 1492
40 49 270 1164 1447 1493 1494 1495 1496 1497 1498 1499
40 333 1500 1501 1502
49
40 42 249 674 1192 1503
33 137 549 550 1504
40 303 1167 1192 1331 1505
40 49 50 1506 1507 1508 1509
31 40 42 49 594 1236 1510 1511 1512 1513 1514 1515 1516 1517 1518
39 40 49 50 57 335 741 1403 1519 1520 1521
1522
49 1523 1524 1525
39 49 68 69 77 505 613 790 1526 1527
40 196 1141 1528
39 171 1529 1530
40 49 265 424 1005 1105 1531
33 40 1532 1533
718
40 49 175 442 802 1534 1535 1536 1537
157 162 311 933 1538 1539
40 49 715 1308 1437 1531 1540 1541 1542 1543 1544
10 39 40 49 66 156 171 409 421 480 590 779 825 1063 1268 1343 1434 1545 1546 1547 1548 1549 1550 1551 1552
1553
40
40 49 50 1554
40 42 332 1555 1556 1557 1558
40 49 243
102 290 523 526 759 779 825 1559 1560 1561
102 379 670 795 825 1562 1563
33 40 49 142 382 911 1136 1175 1345 1564 1565 1566 1567 1568
40 794 916 1569
40 42 95 199 341 549 678 1348 1570 1571 1572 1573 1574 1575 1576 1577 1578
40 186 262 1292 1579
33 40 42 49 426 534 593 724 750 1314 1323 1580 1581 1582 1583 1584 1585 1586 1587 1588 1589 1590
37 39 40 42 90 289 385 480 536 612 967 1591 1592 1593 1594 1595 1596 1597 1598 1599 1600
39 42 49 171 826 905 1265 1601 1602 1603 1604 1605 1606 1607 1608 1609
39 40 42 111 171 1610 1611
49 1612 1613
39 40 372 1610 1614 1615
39 49 171
40 49 247 551 735 931 1147 1616 1617
40 42 256 260 341 397 536 975 987 1015 1136 1354 1618 1619 1620 1621 1622 1623 1624 1625 1626 1627 1628
40 42 49 61 156 183 247 536 590 1275 1320 1629 1630
37 39 40 49 1631 1632
40 49 50 97 544 640 678 813 925 1005 1145 1415 1594 1630 1633 1634 1635 1636 1637 1638 1639 1640 1641
2
40 327 362 666 1485 1642 1643 1644 1645 1646 1647 1648
40 49 238 1279 1649
40 42 1650
728 1651 1652 1653 1654 1655
39 40 42 49 90 111 496 593 1292 1656 1657
60 101 162 233 283 315 379 491 493 599 605 1025 1199 1212 1658 1659 1660 1661 1662 1663 1664 1665 1666 1667 1668 1669 1670
40 49 62 551 599 867 1671 1672
33 39 40 106 414 825 1364 1673 1674 1675 1676 1677 1678 1679 1680
40 49 649 1681 1682 1683 1684 1685 1686 1687
40 42 186 235 1475 1688 1689 1690 1691 1692 1693
40 298 523 545 1694 1695 1696 1697 1698 1699 1700
33 37 39 40 741
39 40 42 49 90 156 162 605 768 791 822 969 1199 1234 1434 1701
61 102 261 346 419 424 545 641 1114 1122 1617 1702 1703 1704 1705
40 550 962 1233 1314 1706 1707
39 42 49 111 502 534 617 654 1106 1252 1558 1708 1709 1710 1711 1712 1713 1714 1715 1716 1717 1718
40 42 49 277 337 345 571 1131 1208 1466 1602 1719 1720 1721 1722 1723
33 40 49 300 1012 1724 1725
118 951 1726 1727
39 50 682 1233 1344 1728 1729
40 847 945 1199
33 49 863
104 1730 1731 1732
33 39 1591
33 39 40 42 171 272 741 1139 1697 1733
33 42 49 486 543 678 1275 1353 1734 1735 1736 1737 1738 1739 1740
39 40 42 111 904 979 1741 1742 1743
37 39 40 42 49 151 249 380 549 571 1215 1643 1744 1745 1746 1747 1748
162 385 671
40 42 49 678 1749 1750 1751
16 100 102 118 181 197 238 311 364 442 551 732 806 977 979 1071 1083 1113 1161 1234 1391 1457 1529 1658 1752 1753 1754 1755 1756 1757 1758 1759 1760 1761 1762 1763 1764 1765 1766 1767 1768 1769 1770
27 39 40 57 124 277 588 773 948 1518 1771 1772 1773 1774 1775 1776
40 49 221 593 678 1016 1777 1778 1779 1780 1781 1782 1783 1784
40 49 180 476 704 728 1632 1700 1771 1776 1785 1786 1787 1788 1789 1790
39 40 171 1791 1792 1793 1794
40 49 156 207 536 1765 1795 1796
40 49 1797 1798
39 106 1799
39 372 1800 1801
40 196 256 790 1003 1529 1691 1759 1802 1803 1804 1805 1806 1807 1808
40 42 49 252 959 1809 1810 1811 1812
42 49 362 459 690 1106 1813 1814 1815 1816
40 124 398 415 931 1362 1817 1818 1819 1820 1821 1822 1823 1824 1825
39 49 111 202 1689
39 49 372 415 836 879 1826 1827 1828 1829 1830
49 897 1831 1832 1833
40
49 250 1436 1834 1835 1836
39 40 42 49 171 267 358 439 916 1281 1837 1838 1839 1840 1841 1842 1843 1844 1845
40 90 202 360 573 979 1394 1436 1846 1847 1848
33 40 42 209 504 588 836 1412 1542 1658 1849 1850 1851 1852 1853 1854
26 40 49 92 151 238 360 550 572 617 808 832 879 886 962 1091 1292 1599 1855 1856 1857 1858 1859 1860
40 741 1011 1861 1862
1863 1864
40 49 90 431 825 1865 1866 1867 1868
33 42 49 66 67 314 339 476 662 1337 1345 1869 1870 1871 1872 1873
238 795 893 1476 1701 1874 1875 1876 1877 1878
40 42 66 613 809 957 1879 1880 1881 1882 1883
39 56 980 1884 1885 1886 1887 1888
40 250 1361 1889 1890 1891
40 49 304
353 1109
1892
39 40 42 397 549 1591 1873
40 940
39 40 42 46 49 90 102 171 238 385 593 810 1001 1240 1328 1437 1553
33 39 40 42 810 886 1728
33 40 49 751 910 1673 1893 1894 1895
40 49 55 79 90 102 545 587 786 1069 1881 1896
351 600 1897
90 1898 1899
40 97 285 1373 1900 1901 1902 1903 1904
40 49 1815 1905
39 40 42 49 66 72 90 250 360 366 490 572 742 806 1104 1429 1482 1514 1577 1579 1832 1906 1907 1908 1909 1910 1911 1912 1913 1914 1915 1916 1917
217 1918
33 40 42 49 108 137 341 437 448 577 834 1106 1136 1482 1499 1919 1920 1921 1922 1923 1924
49 1925 1926 1927 1928
39 40 42 49 111 801 942
2 49 865 1195 1433 1929
806 992 1001 1418 1601 1930 1931 1932 1933 1934
28 42 270 380 1592 1935
40 49 256 311 582 640 714 1936 1937 1938 1939
40 42 49
40 49 117 440 990 1940
1941 1942
39 372 499 519 951 1012 1715 1793 1923 1943 1944 1945 1946 1947
40 90 704 904 969 1234 1436 1948
311 1667 1737 1949 1950 1951
40 42 1952
34 40 49 66 79 256 575 1953 1954 1955 1956 1957
1228 1612 1958 1959 1960
33 40 1746 1961 1962
33 40 153
40 1963
39 40 49 324 372 1964 1965
40 735 1966
40 49 762 1592 1967
33 49 63 1136 1273 1968 1969 1970 1971 1972 1973
33 40 42 272 422 1974
38 39 42 90 185 342 670 1975 1976
238 1477 1613 1977 1978 1979
825 1193 1643 1980 1981
40 108 109 341 465 571 613 857 1980 1981 1982 1983 1984
33 1985 1986
40 49 613 1579
40 42
49 79 439
40 500
39 171 201 964 1987 1988
256
243 1989 1990
40 49 432 550 994 1489
40 90 980 1141 1548 1991 1992
40 489 549 1197 1441 1993 1994 1995 1996 1997 1998 1999
33 40 49 335 364 590 605 638 1052 2000 2001 2002 2003
40 49
1199
382 847 2004 2005 2006
49 866 1810 2007
40 42 49 260 270 565 612 1136 1348 1711 1854 1970 2008 2009 2010 2011 2012 2013
33 206 571 969 2014
40 49 185 573 1095 1266 1586 2015 2016 2017 2018
39 40 111
33 38 39 40 42 90 904 1460 2019 2020 2021 2022 2023
37 39 118 451 551 1250
266 322 2024
39 40 171 741 867 899 1177 1186 2025 2026
39 118 124 171 341 551 977 1310 1877 2027 2028 2029 2030 2031 2032 2033 2034 2035
33 42 179 442 512
38 39 40 767 1179 1439 1589 1697 2036 2037 2038 2039 2040 2041 2042 2043
49 137 442 2044 2045
360 2046
2047
143 1569
2048
33 2049
19 40 948
39 40 171
37 39 40 49 275 977 1328 1655 1780 2050 2051 2052 2053 2054 2055 2056 2057 2058
39 40 42 49 476 1591
40 1335 1557 2059 2060 2061 2062
923 2063
40 250 279 2064
40 414 890 980 1199 1868 2065 2066
10 32 40 209 303 311 665 951 1199 1914 2007 2067 2068 2069
40 49
39 42 287 1426
40 42 49 1991
95 165 167 209 248 270 366 571 624 684 685 693 716 852 1066 1199 1234 1295 1405 1485 1570 2070 2071 2072 2073 2074 2075 2076 2077 2078 2079 2080 2081 2082 2083 2084 2085
40
33 40 132 224 1436 1531 2086
42 1601 2087 2088 2089
10 40 42 49 250 274 298 642 1211 1350 1533 1828 2065 2090 2091 2092 2093 2094 2095 2096 2097
40 49 505 810
40 42 49 66 81 465 985 2098 2099 2100 2101
40 42 49 353 548 677 953 1860 2102 2103 2104
40 42 96 97 342 385 961 1092 1900 2105
12 32 49 118 641 923 977 1464 1638 1793 2106 2107
33 49 637 750 1321 1351 2108
40 49 476 1346 2109
40 42 741 1792 1830 2110 2111
33 981 1659 2112 2113 2114
39 40 96 171 2115
23 124 693 983 1411 2116 2117 2118 2119 2120 2121 2122 2123 2124 2125 2126 2127
20 44 49 350 551 616 814 862 960 977 1275 1370 1495 1504 1539 1625 1751 1816 2003 2061 2128 2129 2130 2131 2132 2133 2134 2135 2136 2137 2138 2139 2140 2141 2142 2143 2144 2145 2146 2147 2148 2149 2150 2151
42 49 148 151 186 201 312 314 440 452 544 740 764 818 852 905 927 1083 1160 1234 1394 1400 1664 2012 2075 2152 2153 2154 2155 2156 2157 2158 2159 2160 2161 2162 2163
40 270 658 1362 1743 2164 2165
39 40 42 49 287
39 40 42 49 111 124 238 479 2166
39 40 186 957 1416 1530 2167 2168
40 49 247
40 42 750 1579 1599 2169 2170 2171
39 69 282 536 1014 1865 1878 2172 2173
442 1416 2174
24 40 79 102 168 683 1185 2175 2176 2177
105 157 174 265 644 1900 2178 2179 2180 2181
18 33 40 61 605 917 2182 2183 2184
40 49 201 238 257 674 784 1954 2155 2185 2186 2187 2188 2189 2190 2191 2192
39 48 49 382 1350 1714 2193
40 741 1660
49 773 2194
40 476 523 2195
42 49 66 96 853 1012 1669 2196 2197 2198
33 40 42 49 102 128 2044
37 39 42 2199 2200
40 90 523 751 1222 1952 2201 2202 2203 2204 2205
39 40 42 49 391 825 856 993 2206 2207
40 247 500 1877 2208 2209
39 40 505 994 1436 2099
40 42 49 90 311
90 661 1193 2210 2211 2212
38 39 40 42 49 256 450 592 1073 1330 1697
39 171 221 233 1470 2213
40 342
49 2214
37 39 40 41 42 43 45 46 77 105 250 341 347 1418 1805 2123 2215 2216 2217 2218 2219 2220
274 523 1660 1689 1931 2170 2221 2222 2223 2224 2225
33 39 42 49 89 129 153 260 272 372 665 750 856 957 2205 2226 2227 2228 2229 2230 2231 2232 2233 2234 2235 2236 2237 2238 2239
33 247 1745 2240 2241 2242 2243 2244
40 190 550 676 900 979 1473 2245 2246 2247 2248 2249 2250 2251 2252 2253 2254 2255 2256 2257 2258 2259 2260 2261
39 40 42 49 1189 1425 1937 2262 2263 2264 2265 2266 2267
39 40 49 111 1328 1553 1660 2268 2269 2270
40 523 1243
33 40 49 265 283 2271
40 49 2272 2273 2274
492 707 1839 1878 2275 2276
2200 2277
39 40 49 69 171 179 311 644 724 1328 1684 2278
40 480 571 607 721 1394 2279 2280 2281 2282 2283 2284 2285
40 846 2286 2287
39 42 49 249 489 706 791 1592 2288
39 105 111 238 571 720 1474 1710
33 40 42 476 628 1485 2289 2290 2291 2292 2293
33 40 350 1104 1208 1457 1763 2294 2295 2296 2297
40 157 385 712 1509 1912 2298 2299
39 42 57 111 2300
185 188 340 2088 2301 2302 2303 2304 2305 2306 2307 2308 2309 2310
39 111 2311
40 514
39 49 171 351
39 40 42 49 111 1328
40 49 313 796 797 1819 2312 2313
40 72 605 2314
40 114 409 414 655 945 1736 2213 2315 2316 2317 2318 2319 2320
2321 2322
39 40 66 73 81 96 151 171 587 724 971 1125 1343 2323 2324 2325 2326 2327 2328
38 39 2329 2330
61
40 1122 1147 1233 1957 2331
37 39 40 42 722 953 977 1250 1437 2107 2332
33 39 157 267 287 804 1366 2333
164 1145 2334
39 111 1700 2335
39 49 70 171 213 464 547 704 980 1162 1394 1439 1612 2260 2336 2337 2338 2339 2340 2341 2342
49 435 1328 2343 2344
40 42 49 527 534 682 1426 2016 2345
12 40 49 61 134 311 331 968 1061 1082 1138 2346 2347 2348 2349 2350 2351
39 171
37 39 40 42 49 66 256 311 339 492 590 695 1199 1930 2167 2187 2352 2353 2354
40 49 105 148 180 1180 2352 2355 2356 2357
40 226 243
39 40 42 49 63 80 251 260 270 346 640 678 791 1590 2358
33 1737 1917 2359
40 2360 2361
37 40 174 409 526 1199 2362 2363
49 1061 2364 2365
2366
586 741 2113 2367 2368 2369
40 49 425 523 754 779 1416 2370 2371 2372
40 750 977 1250 1350 1410 1868 2355 2373 2374 2375 2376
1127 2377
39 111
42 80 476 856 1091 1281 1630 2378 2379 2380
2381 2382 2383 2384
40 49 52 1974
2385
77 833 917 1199 1412 1594 1597 1660 1815 2386 2387 2388 2389 2390 2391
40 49 752
40 49 247 516 566 703 971 1815 1973 2392 2393 2394
39 42 505 1589
39 40 171 571 1464 1465 2395
502
607
40 1527 2264 2396 2397 2398
40 339 994 1586 2239 2399 2400
40 49 370 697 698 743 744 1045 1931 2401 2402 2403
40 49 1053 1105 1188 2404 2405
42 49 80 750 2406 2407
40 42 271 798 1113 1154 1155 1283 1385 1386 2239 2408
20 40 46 66 69 176 350 419 641 832 843 1199 1231 1292 1315 1705 2066 2409 2410 2411
40 1012 2025 2412 2413
40 293 691 790 1536 2365 2414 2415 2416
40
33 40 49 76 492 856 888 1478 2417 2418
40 49 1931
40 49 484 2419 2420 2421
38 39 40 42 49 1139 2391
33 66 446 1148 1265 2422
40 42 266 303 506 1256 2291
2 40 42 61 272 414 790 840 1013 1234 1292 2423 2424 2425 2426 2427 2428 2429 2430
33 40 49 1470 2431 2432
506 2433
37 39 40 42 49 784 1328 1457 2434 2435
37 39 171 1103 1916 1917 2436 2437
33 40 42 49 280 856 1525 2438
40 390
31 40 42 96 442 1199 1207 2311 2439 2440 2441 2442 2443
180 260 382 464 678 878 944 1328 2444 2445 2446 2447 2448
37 40 80 352 512 1660 2449 2450
40 226 272 2226 2451
328 439 717
9 40 49 50 118 125 213 551 607 773 856 977 1141 1231 1469 1486 1790 1873 2073 2097 2266 2359 2421 2452 2453 2454 2455 2456 2457 2458 2459 2460
439 474 602 959 2226
23 39 49 111 165 167 209 271 476 516 922 1096 1319 1780 2050 2085 2224 2461 2462 2463 2464 2465 2466 2467
237 1328 2468 2469
39 40 349 372 773 1710 1784 2118 2470 2471 2472 2473 2474
142
40 49 1631 2291
40 42 598 2475
40 593 990
571 2040 2476 2477
48 665 2478
40 665 1328
38 39 40 49 171 184 2479 2480
37 39 40
40 42 49
39 40 49 111 856 1240 2481 2482
40 49 1294
40 49 1147
40 42 49 156 180 223 250 270 280 290 325 549 773 794 900 959 1005 1261 1328 1434 1737 1937 2047 2330 2483 2484 2485 2486 2487 2488 2489 2490 2491 2492 2493 2494
49 2479 2495
39 106 282
40 1328 2496
33 40 42 125 148 856 1977 2255 2497 2498 2499 2500
22 32 33 39 287 382 637 678 1071 1263 2501 2502 2503 2504 2505
37 39 40 556 758 2171 2226 2311 2506 2507 2508
39 40 42 49 50 57 187 282 358 391 682 878 1029 1069 1364 1393 1882 2030 2242 2264 2330 2437 2509 2510 2511 2512 2513 2514 2515 2516 2517 2518 2519 2520
40 49 476 1004 1353 1533 2130 2521
40 42 49 102 311 399 616 1021 1223 1957 2031 2351 2522 2523 2524 2525 2526
40 49 66 228 272 341 561 667 1131 1177 1339 1340 1374 1797 1903 2148 2527 2528 2529 2530 2531 2532 2533 2534 2535 2536 2537 2538 2539 2540
125 547 695 1328 2081 2541 2542 2543
40 42 49 90 2544
40 1328
12 40 42 434 665 1656 2545 2546 2547
49 665 856 2548 2549 2550
40 49 346 1997 2551
39 40 171 806 2552
42 80 202 226 784 849 879 1057 1199 1894 2553 2554 2555
124 825 2556
665 675 856 2216 2557 2558
42 489 717 2559 2560 2561
39 40 111 1210
33 39 40 49 111 1180
49 102 353 414 465 514 662 730 1016 1224 1328 1340 2530 2562 2563 2564 2565
40 49 66 147
49 1199 1328 1436 2059 2376 2566
40 49 1328
33 39 111
31 32 40 42 49 66 118 196 380 523 977 1316 2161 2567 2568
40 171 512
24 260 1328
40 627 813 1069 1992 2092 2311 2569
28 382 1477 2211
271 390 1957 2206 2330 2570 2571
16 252 262 381 384 399 407 493 523 1068 1198 1258 2188 2572 2573 2574 2575 2576
33 39 40 42 49 111 534
40 42 49
40 350 795
226 549 682 931
33 39 40 49 50 493 549 592 665 774 775 821 1180 1189 1355 1379 1381 2027 2118 2432 2577 2578 2579 2580 2581 2582 2583 2584 2585 2586 2587 2588 2589 2590
40 77 433 665 2591
40 583 1710 2155 2200
40 49 90 202 256 291 786 840 1001 1328 1599 1880 2592 2593 2594 2595 2596 2597 2598 2599 2600
509 1656 1660 2601
38 39 40 49 856 1223 2602
40 1111 1255 1594 2140 2379 2574 2603 2604 2605 2606 2607 2608 2609
39 118 171 180 731 977 1015 1016 1199 1682 2119 2216 2355 2464 2610 2611 2612 2613 2614 2615 2616 2617 2618 2619 2620
33 124 233 238 479 549 709 780 879 1114 1586 1703 1995 2031 2054 2522 2603 2621 2622 2623 2624
33 39 40 49 56 665 852 1070 1298 1328 1716 2345 2396 2625 2626 2627 2628
40 42 49 1328 1904 2241 2617 2629 2630 2631
40 49 124 593 939 1967 2632 2633
37 39 40 42
40 1253 1660 2260 2521 2634
39 49 111
40 49 2260 2635
40 49
40 42 66 302 380 1328 2136 2636
33 49 1264 1484 1517 1631 1948 1957 2637 2638 2639 2640 2641 2642
2073 2181 2643 2644
49 408 623 644 825 2129 2166 2637 2645 2646 2647 2648 2649
37 39 171
49 50 214 523 590 704 1553 1965 2107 2650 2651
33 39 66 91 593 678 697 700 745 752 767 1055 1350 1610 1740 1832 1915 2035 2652 2653 2654 2655 2656 2657
40 1784
40 42 311 1328 2658
2 40 949 1784 2351
40 42 49 2659 2660 2661
40 49
40 49 80 390 512 926 928 1090 1282 1328 1544 2662 2663 2664
10 23 40 102 180 452 522 543 652 705 764 948 971 987 1021 1301 1302 1303 1304 1403 1848 2108 2117 2120 2390 2437 2512 2630 2665 2666 2667 2668 2669 2670 2671 2672 2673 2674 2675 2676
40
39 40 42 49 111 2677
37 39 40 49 273 365 534 644 1234 1328 1476 1480 1825 2678 2679
40 238 1328
1917 2680
49 71 571 1639 1815 1873 2681 2682 2683 2684 2685
49 286 593 1544 2686 2687 2688
2352 2689 2690
49 90 99 102 151 397 619 818 1125 1926 2239 2541 2691 2692 2693
40
33 40 49 427 1030 2694 2695 2696 2697 2698
33 40 2699
1192 2700
40 873 1747 1828 2701
28 626 867 917 1012 1160 1500 1595 2183 2624 2702 2703 2704 2705 2706 2707
33 49 512 856 2708 2709 2710
19 40 46 102 311 566 582 927 2655 2711
40 103 426 732 856 1660 1900 2712
39 40 42 157 171 196 350 672 1328 1391 1438 1537 2165 2209 2371 2713 2714 2715 2716
256 1394 2202
49 316 886 1866 2555 2717 2718 2719 2720
39 40 42 49 111 1530 2721
40 42 80 682 695 714 1186 1328 1854 1977 2081 2152 2722 2723
40 2724
49 90 980 1106 1124 1141 1349 1941 2076 2366 2681 2725 2726 2727
39 40 42 102 171 274 335 439 741
40 42 49
49 888 1068 2263 2490 2526 2728 2729 2730 2731 2732 2733 2734 2735
40 219 590 886 1029 1474 2065 2736 2737
38 39 1500 2738 2739
40 42 49 272 825 1616 1807 2368
33 49
1199 1868 2740
33 40 272
185 2042
33 40 49 284 311 375 435 572 751 754 925 969 1249 1328 1768 1812 2507 2636 2651 2741 2742 2743
33 40 42 80 272 311 1409 1480 1482 2744
39 57 2464
40 42 49 90 573 620 741 1014 1052 1054 1265 1328 1776 2070 2083 2305 2522 2745 2746 2747 2748 2749
33 39 40 250 841 1394
42 49 93 104 740 774 2750
40 42 285 695 933 1900
39 371 391 815 1345 1496 2195
40 49 590 1234 1397 2751 2752 2753 2754
40 49 374 2553 2755
40 2756 2757 2758
40
44 1292
40
10 33 49 243 573 599 663 2059 2206 2759 2760 2761 2762 2763
59 148 180 414 453 779 1107 1405 2121 2133 2181 2603 2605 2764 2765 2766 2767 2768
571 665 1097 1487 1960 2693 2769
49 382 522 1500
1874 2238 2770 2771
39 40 42 56 678 2491 2772 2773
40 42 49 704 971
1328 2774 2775 2776 2777 2778
156 542 559 590 2779
49 1328 1892 2780 2781
40 414 1967
40 49 153 279 670 927 1328 2782 2783 2784 2785
40 2786
42 813 1015 1095 1362
37 40 83 93 287 442 810 857 1028 1394 2098 2270 2354 2570 2787 2788
90 359 624 1088 1328 2221 2789 2790
33 49 2791
39 40 42 111 351 695 1866 2470
12 39 40 42 49 79 90 95 313 358 371 380 476 534 554 605 616 665 674 758 794 798 810 858 970 1145 1155 1197 1234 1490 1660 1904 1987 1997 2165 2709 2792 2793 2794 2795 2796 2797 2798 2799 2800 2801
40 49 50 339 1660 2802
353 1860 2316 2511
39 42 162 1108 2803 2804 2805 2806 2807
40 118 648 1035 2014 2270 2686 2808 2809
39 40 49 102 111 439 1191 2704 2709 2810
40 49 450 480 857 872 2068 2458 2811 2812 2813 2814
49
40 49 94 124 256 872 2813 2815 2816 2817
40 99 590 1351
40 66 202 309 320 590 640 665 1270 1292 2066 2073 2818 2819 2820
40 62 66 613 1228 1544 1601 1981 2343 2821 2822
38 39 40 49 66 256 2033
40 42 49 2823 2824
238 1834 1859 2825 2826 2827 2828 2829 2830
33 40 124 476 927 1014 1236 1328 1608 2831 2832
37 39 968 1061
33 523 2201 2833
186 187 615 1981 2359 2834 2835 2836
40 238 1011 1810
37 39 40 49 865 1328 2837 2838
40 49 50 250 265 728 1993 2080 2781 2839 2840
37 39 49 335 439 2226
39 40 49 372 439 551 1909 2447 2841
33 40 49 148 180 187 551 1565 2431 2842 2843
33 40 42 2844 2845
40 42 310 948 1081 1380 1381 2165 2813 2846
33 38 39 44 162 439 2847
33 81 415 501 1230 2101 2659 2848 2849
40 42 49 157 250 265 311 1210 1346 1361 1521 2850 2851 2852
49 124 204 244 582 704 771 940 1230 1388 1679 1729 1790 1995 2853 2854 2855 2856 2857
40 110 197 1576 1613 2858 2859 2860
1825 2861 2862
40 49 200 250 256 534 624 735 825 886 894 1737 2863 2864 2865 2866 2867
40 49 1195 1815 2868 2869 2870
39 40 42 118 171 758 977 1199 1328 1470 2363 2365 2871 2872 2873
10 40 42 349 988 1024 1234 1995 2049 2157 2409 2516 2793 2854 2874 2875 2876 2877 2878 2879 2880 2881 2882
40 42 207 810 2883
37 39 40 42 102 260 795 953 2884
40 49 159 160 261 571 654 764 1260 1410 1426 1537 1660 1743 2172 2885 2886 2887
228 230 613 665 730 731 732 1005 1180 1282 1328 1599 1699 1879 2044 2330 2888 2889 2890 2891 2892
93 187 296 414 799 830 1012 1295 1418 1594 1937 2389 2853 2855 2893 2894 2895 2896 2897 2898 2899 2900 2901 2902 2903 2904 2905
12 39 40 42 77 210 346 426 467 476 834 855 879 966 1283 1558 1962 2806 2906 2907
39 40 49 1530
40 49 439 476 551 941 1250 1394 2908 2909
39 171
49 979 980 2345 2910
439 1284 2911 2912 2913
42 66 593 982 1860 2914 2915
40 49 2188 2916
42 49 311 423 490 533 1240 1660 2353 2917 2918
156 439 590 1334 2919
40 42 1328
33 40 49 127 607 810 1328 1593 1656 2178 2379 2702 2920 2921 2922 2923 2924 2925
33 2916
40 49 256 1328 1792 1933 1992 2018 2226 2926 2927 2928 2929 2930 2931
33 40 50 476 953 1317 1434 1601 2932 2933 2934
40 42 263 465 971 1291 1803 2050 2124 2674 2935 2936 2937 2938 2939 2940
33 40
260 280 593 626 1432 1924 2183 2941 2942
49 230 476 1395 1514 2243 2524 2801 2943 2944 2945
40 49 67 87 124 290 335 741 1328 1502 2567 2801 2946
33 213 2947
39 40 90 1832
1217 2948
40 42 49 1328 2200
49 1328
33 39 40 665 1766 2806 2949
40 238 1030 2950 2951 2952
12 33 40 49 102 198 534 600 676 790 1328 1670 2707 2764 2809 2953 2954 2955 2956
39 287 677 2332
40 1701 2957
400 753 1328 2958
40 439 741 2959 2960
593 1834 2961 2962 2963
49 1181
12 40 49 665 735 888 1363 1369 2218 2490 2964
40 108 204 465 549 624 758 879 1002 1011 1328 1396 1809 2080 2232 2287 2503 2965 2966 2967 2968 2969 2970 2971 2972
10 20 33 42 325 439 804 2231 2232 2973 2974 2975
40 42 49 77 156 209 423 590 625 627 695 747 764 795 834 1013 1276 1282 1334 1422 1559 1635 1747 1828 2081 2326 2674 2976 2977 2978 2979 2980 2981 2982 2983 2984 2985 2986 2987
42 49 593 852 1471 2386 2988 2989
40 49 2345 2990
40 42 86 752 1328 2345 2425 2991
40 42 665 2631 2903
40 42 148 770 1426 2260 2916 2992
435 1890 2884 2972
33 40 42 49 1338 1616 1854 2993 2994 2995
33 259 260 360 2996 2997 2998 2999
49 302 422 537 594 858 983 995 1810 2528 3000 3001 3002 3003
49 1340 3004
1328 1421
33 39 49 111 353 1286 1860 2421 3005
39 40 3006
10 33 311 434 469 718 862 1141 2650 2802 3007 3008 3009 3010 3011 3012 3013
40 42 856
7 40 1426 1604 2543 2709 3014 3015 3016 3017 3018
39 49 282 1328 3019 3020 3021 3022
39 40 157 545 841 3006
39 40 46 49 96 287 665 1415 2512 2551 2934 2977 3023
704 2165 3024
9 40 49 118 137 196 549 760 984 1578 3025 3026 3027 3028 3029 3030 3031 3032 3033 3034 3035
3 33 39 40 48 49 1482 2677 2854 2875 3036 3037
762 1175 1292 3038 3039 3040 3041 3042
977 1024 2213 3043 3044 3045
663 3046
33 40 42 238 271 665 856 1044 1108 1164 1180 1502 1682 1865 2259 3047 3048 3049 3050 3051 3052
39 40 67 252 272 852 1832 2075 2375 2627 2988 3053
40 42 148 593 957 2697 3054 3055 3056
40 49 104 439 807 936 1490 2748 3057 3058 3059 3060
42 49 252 1593 1743
40 49 250 3061 3062
39 40 49 287
40 42 49 790 813 1669
22 40 49 77 367 613 779 832 943 1350 1440 1680 1939 2663 3011 3063 3064 3065
40 49 665
39 40 42 49 256 337 391 435 478 641 3066 3067 3068 3069 3070 3071 3072
33 40 49 954 3073 3074
40 67 81 118 335 551 866 977 983 1228 1328 1373 1482 2426 2539 3075
33 40 49 665 1471 3076
40 49 1328 1344 1986 3077
33 206 1328 1504
39 40 179 287 383 2354 2613 3078
40 49 335 3079
40 49 149 439 794
40 235
338 450 825 917 1233 3080 3081 3082
40 49 66 238 240 590 696 1223 1482 1987 2555 2622 2725
40 42 80 311 571 3083 3084
40 179 271
40 42 49 196 256 285 571 715 810 897 1199 1394 1830 1937 1988 2305 2329 2665 2941 3085 3086 3087 3088 3089 3090 3091 3092 3093
40 49 1391 1548 3094
40 1920 1936 2285 3095
40 42 49 366 607
40 677 1604 3096
17 49 66 116 117 810 1160 1328 1470 1807 1988 2403 3097 3098 3099 3100
1733 2888 3101
39 42 49 56
493 2192 3102
40 42 265 2251 3103
40 49 259 339 366
40 49 256 3104 3105
40 3106
37 39 40 605
16 87 549 925
40 49 842 1048
40 850
42 49 385 2446 2507
38 39 40 505 1011 3107
611 1490
50 342
1 40 49 256 311 417 676 690 941 977 1052 1275 1431 1847 1849 2476 2812 3108 3109 3110 3111
42 49 302 790 1053 1729 3112 3113
39 171 272
40 42 49
431
39 40 49 157 171 180 503 677 825 980 2345 3114 3115 3116 3117 3118 3119 3120 3121 3122 3123 3124
39 106
40 49 439 752 1129 3125 3126
16 39 40 42 49 106 148 486 572 1174 3127 3128
7 20 40 49 61 124 265 302 407 419 1424 1680 1750 2051 3129 3130 3131 3132
40 911 957 1518 2328 2896 3047 3133
33 165 439 3134 3135 3136 3137
40 42 261 957 1082 1328 1361
33 39 40 48 49 2379 3138 3139
40 49 439 704 3140 3141 3142
39 40 42 49 56 171 226
11 40 49 80 515 676 1576 2255 3143
39 40 56 287 523 3144 3145 3146 3147 3148
40 42 49 78 91 271 762 1005 2345 3149
40 442 603 886 3150
42 49 252 478 960 1586 1992 2240
40 42 49 66 82 102 177 311 339 348 436 446 465 523 534 605 957 959 962 1025 1122 1255 1496 2192 3151 3152
39 106 768 1701 3153
40 272 1514
49 66 108 148 180 181 256 571 831 832 968 1116 1140 1331 1456 2441 3154 3155 3156 3157 3158 3159
40 186 256 311 465 480 1050 1992 2812
42 128 595 1106 1140 3160 3161
40 104 238 277 390 523
40 42 555 992 2215 3162
40 49 665
39 40 171 722 1281 2095 2766 3163
49 90 156 590 1699 2988 3164
39 40 171
33 40 371 496 820 914
1929
49 3158
33 49 1046 1047 1138 1670 3165 3166 3167
40 42 226 272 695 856 1122 1939 3168
39 40 48 49 282 476 707 846 1318 2860 3169 3170
33 40 226 3171
33 39 49 56 311 3172
33 37 39 40 42 49 90 111 682 941 1291 1705 2066 3109 3173 3174 3175 3176 3177 3178 3179
1199 3180 3181 3182
287
39 40 42 49 111 1716 1992 3183
33 37 39 40 49 61 151 202 256 283 311 335 726 817 917 1014 1112 1184 1199 1479 1579 1700 1792 1843 1883 1904 1939 2100 2481 2506 2648 2878 3184 3185 3186 3187 3188 3189 3190 3191 3192 3193 3194
40 66 1147 1987 3195
3196 3197 3198
39 40 42 111 351 439 1841 2204 3199
35 49 257 335 857 1017 1018 2359 3200 3201 3202 3203
39 40 49 157 171 1471 3204
66 1308 1542 1897 3205 3206 3207 3208 3209
3210 3211 3212 3213
33 42 49 148 180 480 623 1086 1285 1678 1898 2655 2911 2999 3214 3215 3216 3217 3218
148 1012 1175 3219 3220 3221 3222 3223 3224
24 33 40 214 311 1063 1777 2600 2670 3225
40 42 1172
214 265 273 590 1334 2653
33 40 42 49 80 148 226 360 665 767 1345 1660 1681 1682 1734 2707 3226 3227 3228 3229 3230 3231
39 42 49 171
24 40 49 118 1250
44 750 1823 3232 3233
33 40 2750
148 442 886 1328 1762 1766 2291 2636 3234 3235 3236 3237 3238
2055
825 2092 3010 3239
66 221 546 572 714 940 1032 1418
40 80 118 284 339 498 678 804 977 1122 1250 1377 1502 1868 1948 2188 2356 2557 2639 3174 3196 3240 3241
1776 3242 3243
40 49 1739
24 33 39 40 48 49 78 91 256 382 579 1091 1445 1594 1745 2148 2833 3244 3245 3246 3247 3248
62 598 2226 3249
40 49 553 645 1251 1382 2868 3250 3251 3252 3253 3254 3255
7 130 3256
33 37 39 40 49 90 148 168 171 306 307 308 309 310 752 908 1081 1145 1362 1381 3022 3135 3257 3258 3259 3260 3261 3262
40 42 49 489 1538 3263 3264 3265 3266
524 1023 1116 1238 2351 2515 2525 3267 3268
40 1283 2726 3269 3270 3271
40 42 49 704 1052 1780 1967 2774 3002 3272 3273
39 40 42 49 80 90 154 171 403 1699 1929 3274
39 40 42 111 439 2490 2570 2662 3275 3276
19 33 49 77 512 622 704 1017 1052 2057 2395 3277 3278 3279
40 335
40 49 118 489 551 977 1141 1451 2043
40 2894 3280
36 39 40 42 49 111 180 925 1254 1328 2099 2803 3218 3281 3282
40 42 3283 3284
37 42 66 106 1113 1613 1629 1876 3285
33 40 49 66 124 270 309 310 577 735 1214 1328 1379 1380 1411 1525 1566 1679 1972 2466 2617 2666 3073 3286 3287 3288 3289 3290 3291 3292 3293 3294 3295 3296 3297
49 102 202 311 353 419 1266 1563 1860 2465 3103 3280 3298 3299 3300 3301 3302 3303
3304 3305 3306 3307
39 40 45 49 171 236 250 335 728 752 2662 3308
49 66 95 156 541 665 716 794 796 1394 1418 1819 1820 3145 3220 3309 3310 3311 3312 3313 3314
40 3285 3315
49 186 235 376 379 522 590 932 1487 2111 2139 2418 2821 3094 3316
33 40 42 128 827 1429 2185 2983 3317 3318 3319 3320 3321 3322 3323
33 40 480 1777 2881 3324 3325
42
39 287 2087 2239 3326 3327 3328 3329 3330
39 49 85 111 190 996 1558 1656 1815 2200 2573 2731 2895 2930 3331 3332
439 1436 2895 3333
42 49 476 789 1740 1873 2118 2493 2892 3293 3334 3335 3336
49 442 810 886
39 40 49 76 90 372 829 916 1306 1576 1832 2708 2999 3293 3337 3338 3339 3340 3341 3342 3343 3344
201 784 917 3345 3346 3347 3348
1287 2005
32 40 49 102 148 165 166 226 511 744 794 886 1784 2277 2382 2441 2502 2520 2524 2881 2903 3056 3084 3349 3350 3351 3352 3353 3354 3355
39 111 163 607 785 1441 1715 1865 1866 2116 2384 3356 3357 3358 3359 3360
40 49 62 338 1056 2344
33 40 42 49 102 469 627 1234 2016 2202 2776 2837
11 32
33 42 3361
33 39 372 3362
32 33 42 434 435
40 42
49 578 856 917 1082 2080 2138 2380 2403 3308 3343 3363 3364 3365 3366 3367 3368
11 49 520 724 1405 1619 1659 1697 1957 2003 2330 2494 2612 2639 3220 3369 3370 3371 3372
10 42 49 67 407 579 623 767 862 940 1110 1122 1161 1179 1193 1426 1576 2843 3373 3374
38 39 434 439 804 1199 1724 1992 2248 2713
1256 2519 3375
33 49 209 1601 2344 3376
3377 3378 3379 3380
40 42 586 790 1564 1890 3381
355 357 1224 1499
16 40 265 447 2622 3255 3382 3383 3384 3385
39 111
157 1589 1699 2650 3180 3386
40 42 49 68 78 353 400 704 1210 1278 1860 2506 3387 3388 3389
42 49 408 409 644 3354 3390
40 49 142 446 961 1409 1941 3277 3391
40 49 80 225 382 439 863 1519 1826 1834 1957 2166 2430 2959 3392 3393 3394
13 439 607 2226 2834 3395
40 42 46 49 148 187 682 860 1073 1394 1413 1436 1625 2081 2717
40 67 480 2077 2357 3396 3397 3398 3399 3400 3401 3402
427 3403 3404
40 42 49 175 194 233 283 374 565 674 705 810 922 1073 1129 1295 1438 1594 1698 1768 1972 2000 2213 2324 2384 2425 2674 2854 3081 3405 3406 3407 3408 3409 3410
40 42 49 90 180 272 315 360 439 707 988 1005 1021 1198 1230 1328 1594 1716 1867 1939 2330 2575 2787 3251 3348 3411 3412
33 40 42 49 202 366 1011 1579 2363 2430 3324
10 49 311 409 425 799 813 1939 2943 2988 3413
549 1995 2439
39 40 42 49 442 1061 1860 2568 2631 2806 2959 3414
49 336 523 527 1165 1525 2351 3415 3416 3417 3418 3419 3420
162 663 1589 2363
40 42 49 265 353 678 1353 1711 2315 3421 3422 3423
40 49 52 256 382 1388 1967 2376 3424 3425 3426 3427 3428 3429 3430 3431 3432 3433 3434
37 39 40 42 111 496 1464 1465
40 2185
33 40 49 697
40 1715 2055 3435
39 111
42 49 77 624 2834 3436
49 50 66 117 118 538 809 810 1699 2527 3437
40 49 129 201 341 360 382 534 561 586 728 773 866 1131 1207 1556 1628 1726 2016 2344 2441 2536 2776 2943 2991 3438 3439 3440 3441 3442 3443
40 49 50 61 750 2631 3444 3445 3446 3447 3448 3449
33 49 238 256 351 741 994 1418 2000 2344 2371 2702 3186 3450
137 400 439 682 764 773 808 1436 2300 2316 2800 3087 3166 3451 3452
33 49
40 1328 3280 3453
23 39 42 49 108 111 171 476 654 754 1164 1540 2119 2123 2493 2901 3454
40 49 138 157 273 550 590 1059 1785 2133 2390 2429 2593 2710 3455 3456 3457 3458 3459
37 39 40 42 226 338 886 1028
33 39 40 42 49 371 605 741 786
40 49 1240 1898 3460
40 49 479 1350 3237
75 3407
40
40 46 49 118 349 353 571 977 1015 1310 1965 2385 2465 2538 2787 3308 3461 3462 3463 3464
40 284 1565 1854 2375 2625 3465 3466 3467 3468 3469 3470
40 49 350 425 680 852 3471 3472 3473
39 171 260 439 648 904 932 1372 1740 2061 3020
95 1234 1373 1766 2426 2529 3298 3474 3475 3476
39 40 42 49 108 137 148 171 262 273 468 549 611 612 752 790 920 974 1310 1362 1612 2012 2465 2520 2986 3477 3478 3479 3480 3481 3482
1904 2989 3483 3484 3485
33 39 40 42 226 1204 2806 2824 2921 2952 3196 3486 3487 3488 3489 3490 3491
33 40 49 1021 2590 3059 3344 3492 3493 3494 3495
39 171 2111 3496
33 39 40 42 49 287 1728 1815
39 42 111 342 363 398 489 856 1683 1981 3065 3103 3465 3468 3497 3498 3499 3500
40 42 46 49 108 109 181 476 2118 2119 2432 3151 3501 3502
38 39 40 42 571
1757 2741
33 40 590 613 1014 1334 1594 2429
40 42 49 728 1250 1997 2381 2553 2666 3503 3504
33 49 212 275 279 433 476 942 1230 2298 2600 3505
39 40 42 111 1632
40 49 1174
40 49 3506
40 49 941 1197 3451 3507 3508 3509 3510
599 879 1963
33 42 1328
33 40 49 180 2286 2742 3506
33
40 42 49 256 476 490 522 588 818 2187 2239 2664 2801 3473 3511 3512 3513 3514
37 39 40 280 686 1383 1601 2188 2493 2675 3346 3515
39 42 2806
40 564 1328 3516 3517
33 39 40 171 302
226 266 348 491 1313 1388 2325 2966 2978 3238 3518 3519 3520 3521 3522 3523
39 40 111
39 40 171 3395 3524 3525
40 49
49 256 343 439 620 1716 2328 2803 2843 3526 3527 3528 3529 3530 3531 3532
37 39 40 49 888 2482 3533
2806
33 37 39 40 42 152 226 1939 2077 2097 2908
40 1434 3534 3535
40 1547 3403 3536 3537 3538
37 39 40 42 289 574 590 1434 2869 3539 3540 3541 3542
40 49 341 403 3317 3543
3544
33 49 61 2719 3545
33 39 40 42 49 171 311 312 314 450 1230 1871 3546
40 42 49 154 442 1755 3547
42 49 534 1639 2658 2952 3251 3548 3549
39 40 105 171 465 566 582 741 915 2438 2880
40 49 256 1842 2524 3348 3550
33
40 42 49 208 247 329 670 678 900 1249 1679 1739 1977 2421 3551
40 42 187 674 678 1252 1315 1345 1872 2014
49 3318 3552
40 42 49 238 492 1251 2054 2404 3019 3553
40 42 49 1316 2999 3554
3 476 939 1014 1494 1547 1586 1678 1703 2155 2345 3555 3556 3557
49 382 1394 2285 2506
13 39 40 171 1674 1997 3313 3558
39 40 42 111 627 1328 2674 3559
37 38 39 42 49 256 287 505 716 718 1553 2639 2976 3560
39 3006
1148 1681 3227
40 61 825 1114 1408 1887 2344 2651
33 39 40 42 111 505 607 1035 2166 2744
40 3561 3562
33 3563 3564
40 49 439 1436
40 42 439 825 3565
40 49 50 1026 1860 2409 3195 3566
340 561 762
40 49 157 461 1538 3567 3568 3569
53 941 942 1498 1939 2634
42 102 142 205 375 481 691 1015 1073 1257 1350 1436 1886 2404 3253 3570
40 42 49 61 96 409 461 612 663 752 990 1705 2012 2142 2716 3571 3572 3573
39 40 49 106 856 979 1261 1278 2727 2847 3574 3575
2867 3576
49 90 3452
105 172 2554 3300 3577
16 33 39 42 49 66 434 465 502 561 641 651 696 1199 1295 1599 1759 2188 2545 2650 3029 3411 3578 3579 3580 3581
40 42 1639 1693 1705 3043 3582
20 33 40 49 96 129 186 251 311 375 421 517 604 605 786 1856 3583
40 49 1005 1197 1328 1362 1432 2715 3584
39 40 49 57 825 1250 3585
40 42 311
3549
33 40 49 556 2641 2677 3586 3587 3588 3589 3590
40 42 238 263 1787
185 881 907 1985 3591 3592 3593
500 1089 1480 1877 2223 3348 3594 3595
40 49 206 2959 3596
39 40 49 372 490 644 807 1356 1843 2984 2992 3094 3275 3597
24 49 1518 2246 2344 3598 3599
40 380
33 40 49 439 677 2895 3099 3600 3601
40 311 741 2065
37 39 40 42
33 39 42 575 791 1939 2339 2512 3602
40 49 257 722 795 1207
38 39 40 272 350
39 111 450 562 1154 1155 1328 1386 1871
2913 3603
40 2099 3604
39 40 49 56 545 2125 3439 3603 3605
39 111 549
33 40 42 49 77 247 271 638 867 1782 3517 3606 3607 3608 3609 3610 3611
20 40 279 414 1275 1411 2188 3612 3613
37 39 40 42 49 1898 2199 2345 3097 3179 3614 3615
39 40 42 49 226 282 1136 1147 1345 1883 3616 3617
139 252 476 2458 2803 3518
1833 1893
33 39 40 42 104 120 226 272 287 390 509 665 751 1199 1244 1939 2363 2478 3160 3618 3619 3620
773 917
37 39 41 235 250 506 791 2059
37 39 40 79 439 1884
40 49 339 399 1003 2568 2845 2966
917 2351 3213 3277 3362 3621 3622 3623 3624
40 42 49 108 280 351 530 549 611 1295 1579 3625 3626 3627
1553 3628
42 256 3063 3629
40 42 49 607 1095 1328 2472
42 1854 2280
49 3630
648 1035 3631 3632
40 1104 1292 2092 2880 3633 3634
40 42 49 230 765 784 799 1122 1373 2432 2465 2506 2634 2709 3280 3324 3365 3429 3463 3476 3635 3636 3637 3638 3639 3640 3641 3642
38 39 49 118 287 1145 1939 2251 2317 2458 2603 3599 3643 3644 3645 3646 3647 3648
439 2698 3649
33 49 756 1241 1517 1538 1995 2190 2192 2875 2959 3650
40 49 175 286 375 397 752 1354 3651 3652 3653
40 42 49 118 261 306 477 895 977 1250 1579 1939 3149 3242 3257 3259
37 39 40 180 302 375 1815 2099 3654
39 40 371
3655
607 1553 2476 3656
3657 3658 3659
33 40 49
37 39 238 339 914 2326 2895 3660 3661
38 39 824
42 251 277
271 272 854 1148 1234 2426 3662
39 40 42 56 190 372 1482 3550 3663 3664 3665
40 42 49 302 350 3666
502 923 2776 3311
40 212
40 42 2199 2567 2729 3522 3667 3668 3669
38 39 238 2067
40 49
40
40 49 118 353 450 592 696 752 906 977 992 1250
39 43 282 841 1939 3006
77 99 533 1717 1808 1918 3670 3671 3672 3673 3674 3675
39 49 106 247 646 1394 1834 3092 3676 3677 3678 3679
3680
3681
40 49 544 571 849 2470 3048
16 40 623 678 810 960 1596 3682 3683 3684
272 1145 1734 2441
37 40 42 96 97 501 876 1053 1265 1283 1289 1361 1854 1900 2311 2323 2764 3615 3685
741 794 1382 3417
1854 2557
39 40 49 50 372 540 541 1224 1917 2413 3262 3686 3687
33 38 39 40 49 464 1140 1149 1175 1328 1353 2007 2741 2777 3002 3688 3689 3690 3691
40 42 90
40 761 910 1660
302 311 382 750 959 1438 1825 1849 1868 2000 2366 2709 3692 3693 3694 3695 3696 3697 3698 3699 3700 3701 3702 3703
13 49 118 238 476 825 857 2546 2594 2984 3704
33 49 209 409 2066 2923 3705
10 49 67 95 202 223 339 825 1097 1462 1627 1681 1682 1854 1860 2231 2232 2345 2634 2970 3335 3626 3665 3706 3707 3708 3709
3058 3710 3711
128 584 3712
39 49 90 558 624 841 1553 1705 3058 3713 3714
33 39 40 49 238 372 432 439 571 579 604 714 962 1068 1131 2555 3715 3716
27 49 108 125 208 238 260 302 382 611 641 704 728 773 813 850 1053 1068 1090 1122 1622 2438 2493 3220 3271 3370 3574 3717 3718 3719 3720 3721 3722 3723 3724 3725 3726
40 499 2405
3 1116 1120 1562 1567 2748 3727 3728 3729 3730 3731 3732 3733
39 40 42 49 111 166 375 786 825 1906 2061 2959 3056 3734
42 421 1350 2092 2351 3735
40 42 129 311 335 653 786 2185 2202 2772 3010 3736 3737
10 20 40 369 421 1697 3196 3280 3738 3739
39 807 841 1579 2407
16 40 42 46 238 288 435 605 756 1199 1210 1480 1639
42 142 341 3453 3722 3740 3741
40 87 1599
40 1490 3742 3743 3744 3745
33 49
40 42 855 3746 3747
40 42 156 256 3748
39 40 372 1853 3749
33 49 176 226 937 1356 3211 3451 3648 3681 3709 3750
3 40 42 53 102 196 335 341 404 534 648 682 707 795 932 1371 1817 2119 2239 2266 2287 2794 2835 3751 3752 3753
124 256 476 3550
33 238 399 534 550 980 1230 1843 1927 2260
40 49 2189 3754
39 42 111 825 1728
681 3755
40 243 1967 3396 3574
33 39 40 49 66 226 352 841 977 2344 3348 3756 3757
10 39 40 49 61 62 90 485 605 652 653 765 792 916 1052 1313 1699 1832 1955 2757 2787 2805 3412 3496 3717 3758 3759 3760 3761 3762 3763 3764 3765 3766 3767 3768 3769
50 272 339 1052 1056 1229 2675 2795 3369
49 165 166 168 678 726 836 1100 1192 1441 1810 3413 3770 3771 3772
33 39 40 42 49 198 229 270 271 391 534 536 957 971 1365 1485 1592 1601 1654 1981 2243 2487 3310 3484 3773 3774 3775 3776 3777 3778 3779 3780 3781 3782
32 66 95 250 339 718 874 1145 1369 1469 1921 2116 2445 3476 3783 3784 3785 3786 3787 3788 3789 3790 3791 3792 3793
39 40 49 270 372 1184 2371
40 42 49 311 419 426 523 1058 2016 3794
33 49 450 539 1234 1868 2366 2626 2635 2991 3795 3796 3797
49 50 671 2152 3798 3799
66 169 201 202 209 260 302 338 375 434 551 755 1014 1071 1234 1396 1660 1875 2054 2285 2474 2506 2529 2636 2663 3238 3260 3800 3801
865 3802
49 593 1145 3803
20 40 49 90 309 511 593 741 1036 1199 1270 1380 3804 3805
33 39 42 238 466 644 900 1024 1087 1286 1477 1539 2916 3806 3807
40 243 423 618 925 1293 3232 3808
40 49 50 66 252 476 1005 1525 2383 2416 3459 3639 3809
627 2555 3348 3681 3810
33 49 397 648 911 1035 2820
3811
40
421 514 1809 1875 2966 3812 3813
33 162 256 439 682 2711 3814
40 42 152 179 856 1391 1426
33 39 40 42 226 465 3815
39 40 190 484 589 818 1333 1400 1517 1591 2244 2615 2619 3417 3816 3817 3818 3819 3820 3821 3822 3823 3824
40 2548 3825
39 40 48 49 90 462 975 1259 1626 2886 3453
40 42 172 572
40 42 2715
42 3369 3466 3826
40 271 272 2239
40 42 350 969 1058 1698 1834 2507 3235 3827
40 49 780 1061 2959 3828 3829
33 49 111 272 350 433 977 2252 2920
39 40 841 1241 1345 3830 3831
42 382 476 2109
275 496 695 1546 1842
24 66 100 102 771 857 1809 1854 2053 2209 3522 3552 3832 3833 3834 3835 3836
39 40 42 193 391 736 3837
40 42 49 80 341 1122 1680
39 40 42 66 391 706 2544 3838
40 42 49 513
33 49 238 278 796 1044 1385 1386 1871 2452 3050 3196 3548 3839 3840
40 50 162 665 726 865 1071 1363 2821 3195 3841 3842
33 360 717 1005 1294 1428
40 311 489 593 834 1705
49 102 450 691 2516 3843 3844 3845
90 534 590 1328 2023 2177 2670 2967 3103
39 40 49 111 311 2398 2998 3846
40 49 79 1252 3736 3847 3848 3849
39 40 42 49 111 279 657 856
40 42 93 1020 1028 1052 1159 1319 1684 1782 1880 1982 2080 2426 2626 2635 2774 2777 2880 3132 3207 3413 3689 3850 3851
39 40 42 238 862 1240 1850 1963 2109 2465 3852 3853 3854 3855
695 3856
649 1127 1183 1328 2367 2821 3081 3857
40 42 127 3858
40 49 382 503 2060 2711
40 42 49 92 311 442 806 886 1139 2327 2634 3859
42 49 1920 1940 2344 3860 3861
53 196 238 266 349 1877 3344 3412 3511 3862 3863
1657 3864 3865
40 439
40 42 375 484 3531 3866 3867
40 1330 1682 1986 2181 3617
40 320 1807 3868
49
665 741 788 1292 1315 2333 3064 3076 3300 3301 3448
40 49 90 1964 2571 3103
39 111 162 164 3869
39 40 90 480 582 856 2513 2667 3260 3870 3871
40 49 78 151 440 1328 3872 3873
49 159 348 452 716 764 1199 1790 3487 3874 3875 3876
40 42 49 764 1747
1 10 380 414 476 559 582 881 1005 1025 1328 1592 1764 2132 2711 2820 2968 3877 3878 3879 3880 3881
39 238 391 1429 1684 1818 1877 2710 3103 3882 3883
40 42 49 256 279 1809
40 42 49 66 79 90 719 1064 1114 1592 1749 3884 3885
49 2538 3207 3886 3887 3888
40 245 439
33 39 40 49 156 358 467 940 984 1150 1151 1318 1339 1366 1990 2530 2621 2831 3037 3315 3397 3855 3877 3889 3890 3891 3892 3893 3894 3895
40 1501
40 49 202 280 784 1005 1716 2185 2400 2437 2901 3044 3896 3897 3898 3899 3900 3901 3902
33 40 49 102 375 790 1480 3903
40 49 148 238 247 265 339 434 536 1579 2622 3397 3571
39 226 331 369 876 895 1476 3904 3905
33 49 439 640 1970 3852
40 42 49 96 294 1298 2104 2216
33 40 42 408 856 897 1229 2013 2305 2748 3060 3494 3906 3907 3908 3909 3910
90 3911
2512 3912 3913
1082
489 1294 2128 3914
236 1204 3915
39 40 42 49 791 1032 3103
33 37 39 40 1553 3193 3916
40 49 156 550 590 1068 1129 3229 3917 3918 3919
40 49 3920 3921
10 40 42 49 587 716 735 856 940 1682 2366 2746 2803 3922 3923 3924 3925 3926 3927 3928
40 1234 2529 3929
40 49 1233 2044 3927 3930
40 49 1939 2932
1328 3073 3487
40 42 49 276 550 784 922 2294 3477 3931 3932 3933
49 65 124 180 573 1053 2446 3934 3935 3936 3937
275 2047 3938 3939
39 40 57 537 980 1394 2959 3037 3940 3941 3942 3943
3944 3945
77
59 1675 2016 2213 3946
39 40 42 49 148 256 391 1013 3947 3948
857 1424 1690 1857 2964 3885 3949 3950 3951 3952 3953
40 42 1808 2365 3155 3776
39 111 1394 3954
442 3029 3175 3955
49 90 847 3956
39 56 846 987 2729 2921 3957 3958 3959
37 39
40 49 484 958 1236 3522 3960
40 42 90 273 403 489 593 1328 1422 1457 1635 1804 1935 2301 2944 3257 3961
33 39 111
40 505 1366
40 157 537 1625 1716 3187 3962
40 42 68 403 1136 3002 3963
33 40 42 49 157 678 3160 3964 3965
33 2352 3840 3966
190 1199 1328
37 39 40 42 49 104 221 238 353 758 1418 2200 2451 2662 2794 3783 3967 3968 3969 3970 3971 3972
20 33 293 350 407 616 886 1067 1124 1127 1410 2715 2787 3554 3973 3974 3975 3976
33 39 40 42 171 287 2593
31 2480 3977
49 95 1234 1716 1959 2270 2634 2991 2995 3925 3978
40 49 95 118 409 419 491 545 977 2057 2092 2695 3679 3979 3980 3981
2047
221 579 814 825 1330 1703 2512 3599 3982 3983 3984
39 40 42 49 148 622 690 867 1145 1405 1530 1715 2152 2459 2472 2998 3104 3324 3985 3986 3987
56
33 39 40 49 371 372 374 932
33 3988
33 40 49 80 224 233 1569 2426 2541 2750 3271 3989 3990 3991
33 40 49 187 513 594 720 825 857 1133 1312 1394 1656 1867 2350 2399 2844 3269 3352 3420 3904 3992 3993 3994 3995 3996
33 40 118 250 977 2742
39 40 49 171 238 1122 1275 3997 3998
124 265 292 1156 3999
2375 2506
40 49 1373 1579 2375 3385 3639 4000
10 20 40 49 66 190 259 261 267 605 644 781 823 857 879 948 1124 1705 1868 2076 2742 2797 4001
19 33 37 39 40 42 61 95 162 171 230 350 598 802 982 1025 1122 1180 1328 1373 1797 2375 2558 2634 2695 2991 3075 3309 3463 3694 3967 4002 4003
36 564 703 853 1716 1742 3709 3841 3969 4004 4005
40 1009 1199 1797 1918 1959 2391 2441 3075 4006 4007 4008 4009
39 40 42 49 391 477 1181 1195 2355 2356 2868 2974
39 40 49 343 372 1087 1199 2047 2139 2674 3660 4010 4011
40 49 90 102 190 238 270 280 315 550 962 1577 2025 2081
39 372 605 2750 3324 3989 4012
40 1683
40 61 605 722 802 903 2082 4013 4014
40 84 480 597 1144
40 49 302 617 1315 2354
40 593 641 1579 1716 1919 2201 2326 2385 2474 2639 2977 3841 3887 4015 4016 4017
40 104 138 179 351 421 784 3685
180 597 1334 1353 2240 3225 4018 4019 4020
90 190 794 2553 4021
33 40 49 90 302 731 813 928 1012 1426 2264 2516 2693 2704 4022 4023 4024 4025 4026
42 243 594 652 856 2080 2695 2760 3412 3463 4027 4028
33 39 40 45 49 63 519 713 756 791 1136 1684 1810 2169 2959 3049 3348 4029 4030 4031
40 49 80 272 279 605 1199 2326 2538 3263 3376 3548 4005 4032
33 40 813
40 42 49 52 61 103 590 2658
49 104 148 439 3967
33 350 1500 1544 2932 3196 4033 4034
7 49 677 678 750 867 1122 1184 1251 1619 2119 2200 2450 2467 2948 2968 3716 4035 4036 4037
40 148 477 691 707 982 1797 2007 2051 2634 3581 4038
42 49 290 709 888 1240 1278 2634 2816 3637 4039
271 951 1392 1955 2437 3736 4040 4041 4042 4043
33 39 40 49 66 372 477 789 930 1749 2709
40 49 750 1653 4044
49 305 360 398 450 742 744 865 1177 1223 1569 1915 2959 3160 3236 3884 4045 4046
20 33 353 1074 1234 1766 2999 3241
10 20 40 49 259 419 476 597 857 1790 1900 3362 4047
22 38 39 40 80 616 731 732 740 1005 1394 1712 1879 2160 2834 3449 3521 4048 4049
1271
40 42 226 261 327 1083 1345 1553 3780 4050 4051 4052 4053 4054
19 24 40 42 49 61 95 186 193 353 409 414 605 752 806 1280 1373 1489 2533 2972 2988 4055 4056
476 1405 2034 4057
33 40 251 750 1739 2857 3571
40 257 590 784 1328 1600 2257 2789 4058 4059
39 40 171 904 1044 1464 1465
33 49 152 2097 3679 4060 4061
90 1470
40 49 190 258 605 784 813 948 1122 1195 1350 1561 2226 3460 4062 4063
790 823 1447 1477 1716 2285 2363 2630 2634 2694 2695 2891 2964 2967 3103 3856 4064 4065 4066 4067 4068 4069 4070 4071 4072 4073
39 49 287 434 607 1611 1697 1744 2030 2380 2722 3066 4074 4075
33 49 61 190 561 1962 2109 3170 3271 3605 3860 4076 4077
832 900 2625 4027 4078
156 273 605 1063 1228 2187 4079
42 49 186 339 440 992 1183 2155 3280 3715 4080 4081
40 49 1656 2052 3162 3965 4082
38 39 40 49 105 409 911 1482 3350 3775
28 33 40 49 151 350 398 414 439 445 469 650 794 1015 1261 1341 1393 1536 1763 1764 2155 2213 2773 2895 3867 4083 4084 4085 4086 4087 4088 4089 4090 4091 4092 4093
40 49 51 61 138 403 784 917 2311 2657 2848 3941
40 273 302 1334
33 40 49 138 148 230 469 2634 2895 3773 3946 4094 4095 4096 4097 4098
414 750 847 1660
40 49 66 544 809 1028 1411
33 40 49 67 226 813 1122 4099
439 3639
49 51 118 648 977 1506 4100 4101
10 40 49 169 256 319 480 572 629 806 871 1265 1597 1639 1764 1843 1878 1955 2328 2446 2557 2636 2991 3026 3683 3760 3995 4016 4027 4040 4052 4102 4103 4104 4105 4106 4107 4108 4109
439 1797 2267 2363 3075 3348 3464 3665 4032 4108
19 20 31 40 42 49 857 1040 2911 3014 3171
40 49 96 102 202 341 346 523 534 652 875 948 1014 1350 2119 2307 2908 3162 3277 3438 3757 3775 3980 4110 4111 4112 4113 4114
39 372
40 42 49 766 1136 1208 1278 1860 1953 2742 3271 4012
49 186 1700 2200 2948 3459 4115 4116 4117
40 1328 4118 4119
8 49 66 102 256 280 568 1418 1431 2441 2634 2787 3542 3868 4120
39 171 1071 1569 2218 2444 4121
309 310 350 414 1073 1080 1081 1270 1343 1379 1380 1381 1595 1823 2435 2770 3161 3725 4122 4123 4124 4125 4126 4127 4128
854 1190 4129
33 40 180 302 492 1868
40 49 61 273 341 590 1772 1912 2932 3947 4130
40 2472 3639
61 80 272 439 480 951 953 1744 1998 2375 4131 4132
705 1063 1146 1596 1768 2512 2742 2778 4133
39 40 42 287 4134
256 262 339 1703 1784 4135 4136 4137
270 1001 2141 2677 4057 4138 4139
33 40 49 247 3273
794 1569
4053 4140
42 49 90 102 202 247 440 675 825 832 1083 1100 1716 1875 1931 2007 2188 2240 2330 2425 2801 3175 3365 4141 4142 4143 4144 4145
33 49 1139 2385 4100
12 40 42 49 66 340 476 1145 2384 4146 4147
148 230 252 414 465 721 750 974 1005 1125 1288 1441 1764 2169 2189 2384 3186 3195 3273 3308 3678 4148 4149 4150
40 42 49 113 114 663 941 1842 2560 3301 4027 4034 4151 4152 4153 4154 4155 4156
33 40 42 49 51 515 784 1685 1686 1716 1753 2639 3081 3324 3639 3857
40 49 68 95 446 982 1373 1797 1873 3075 3663 3664 3665 4014 4157
39 40 42 111 371
39 49 51 57 151 162 282 333 382 452 512 807 948 1235 1345 2351 2538 2750 3463 4158 4159
49 61 605 987 1124 1233 1868 2816 3401 3463 4027 4160
40 42 49 484 741 1681 1682 1883 1912
33 49 61 523 735 937 938 1082 1122 1324 4161 4162 4163 4164 4165 4166
180 302 469 862 1405 1619 3803 4027 4167 4168
40 4169 4170
40 42 49 66 442 1197 2298 2375
40 42 49 186 230 300 392 623 661 784 810 850 1025 1322 1558 1565 1570 1723 1766 2255 3443 3694 4171 4172 4173 4174 4175 4176 4177 4178 4179
11 37 39 40 42 49 111 157 330 331 642 1591 2165 2274 2806 3243 4180 4181 4182 4183
33 49
1328
40 465 2384
210 4184
40 42 49 61 171 537 707 1055 1082 1716 2118 2192 2895 3271 3418 3639 4185 4186 4187
605 4188
40 190 2306
40 42 353 861 982 2270 3075 3664 3665
238 590 1639 2187 2412 3280 3967 4124 4189
40 42 49 265 741 1245
190 353 592 1122 2814 3291 4112 4190
42 180 763 790 857 1683 2686 2793 3157 4095 4191 4192 4193 4194 4195 4196 4197
1409 3016
49 2715 3412 4097
84 1133 1138 4198 4199
40 49 238 548 682 2469 3271 4171 4200 4201
6 487 784 844 919 1328 1600 2119 2295 2414 2802 2950 2991 2995 3121 3355 3642 3694 3802 3922 4202 4203
40 590 598 3681 3828 4204
10 49 190 353 403 446 911 1053 1124 1199 1296 1815 2414 2442 2634 2787 3048 3246 4205 4206 4207 4208
39 40 171 2778
39 49 56 477 2715 4027
477 1215 1355 2750
39 111 1433
40 291 375 784 1014 1122 1438 1709 1780 2269 2715 2848
40 56 111 477 1784 3904 4209
3348 3549
75 102 421 2051 2400 2560 2624 2875 3632 3841 4210
49 68 69 171 802 1394 1490 1784 1815
33 366 678 773 1197 1405 1868 3725
33 42 272 767 2251 3285 3967 4205 4211 4212 4213 4214
39 40 42 56 287 1328 1906 3292 4215
49 66 137 550 611 612 914 962 1716 2762 3707 3801 3841 4216
1289 4217 4218
33 40 847
11 33 40 49 1887 2384 2800 4219
40 42 49 311
49 3562
6 40 42 414 1558 2213 2418 3684
40 375 426 521 537 705 4220 4221 4222 4223 4224 4225
605 1245 1769 2039 2441 2989 3162 3967 4226 4227
40 91 450 2027 3149 3292 3994
3 33 40 311 403 439 1234 4228 4229
33 40 49 439 825 857 2275 2921 3461 4230 4231
40 162 605
33 91 241 280 759 953 1063 1122 1504 2107 3149 3196 3295 3348 3779 4232 4233
49 96 4234
37 39 40 244 246 407 471 1175 2953
40 49 69
42 105 750 930 1541 2875 3572 4150
39 171 537 1200 2405 2995 3550
2655 3348
39 42 48 49 87 862 926 1328 1873
37 39 42 580 838 1186 1309 1316 1396 1498 1569 2618 3168 3532 4235
40 42 49 148 238 243 256 476 550 740 910 1044 1671 3570 4236 4237
28 32 270 341 813 888 1221 1328 1589
40 49 390 4025
33 40 42 49 187 221 226 271 350 439 479 550 758 773 784 944 1364 1424 1679 1768 1871 2119 2239 2251 3251 3690 4238 4239 4240 4241
12 40 208 226 248 400 439 590 605 1313 1716 3385 3731 4242 4243
2785 3755 4244
40 49 128 179 226 366 415 477 2311 2695 2715 2948 3020 3196 4027 4245 4246
638 3235
39 40 42 477 826 2450 2780 2833 3905 4163 4247 4248 4249
140 350 2425
42 49 87 230 682 697 700 856 1867 3030 4250 4251
33 40 42 49 341 1197 2200 2502
40 49
408 441 734 800 925 974 1028 1086 1087 1200 1660 1662 1767 1780 2821 2948 2997 3029 3384 4057 4114 4252
39 42 49 287 1373 3269 4253
40 61 1660 2226 3838 4100 4128 4189
33 39 40 42 49 57 80 341 847 1283 1426 3277
40 46 49 60 109 124 459 492 534 549 571 660 879 897 989 990 1050 1068 2040 2885 3315 3494 3997 4246 4254 4255
39 40 49 226 537 605 1215 1328 3006 4112
40 49 95 568 977 1122 1957 2356 3487 4222 4256
40 847 2066 4257 4258
339 540 825 4259
49 50 4257 4260 4261
49 190 1234 2003 2356 3487 4262 4263 4264
1 6 33 40 42 49 102 226 514 515 617 846 912 1014 1083 1315 1769 1855 1977 2239 2880 2898 3001 4144 4265 4266 4267 4268 4269
67 95 124 477 571 1114 1860 1873 2414 2695 2857 3736 3849 3868 4097 4270
31 40 572 996 1195 4271 4272
12 49 61 409 653 705 824 1284 1625 2142 2441 2710 2837 3511 3578 4273 4274 4275 4276 4277
40 285 380 777 948 2228 4278 4279
40 49 112 854 3595 4280
40 42 90 176 590 682 913 1243
32 49 382 494 685 813 1617 1702 1716 1873 2118 2366 2711 2834 2993 3007 3292 3549 3584 4281 4282 4283
33 49 953 1480 2251 3634 4284 4285
40 276 311 2022 4028 4286 4287
19 33 40 144 294 653 750 1294 1804 2629 2794 2944 2995 3548 3736 4037 4061 4288 4289 4290
37 39 111 4291 4292
40 49 61 3044
526 862 1254 1626 2419 2551 2560 2848 2991 2999 3736 3918 3978 4036 4293
22 42 46 49 166 168 425 549 683 799 1705 2162 2604 2742 2786
40 283 1130 1328 1834 2985 3216 3317 4145 4226 4294
118 977 4116 4295 4296
49 96 380 784 3885
49 59 509 773 1092 1361 1487 1773 2877 3620 4297 4298
40 49 540 678 992 1073 1215 1537
33 39 40 49 102 186 320 321 372 559 764 985 1995 2605 2624 3315 4299 4300 4301
16 40 42 49 87 117 177 201 808 1283 1295 1369 1373 1690 2251 2887 3173 3292 4039
259 605 1742 3508
42 375 421 772 1586 1843 2202 2431 2562
40 140 1042 1328 1541 2093 2594 2715 3549 3828
40 49 439 911 1405 2974
190 627 2895 3639
33 302 1199 2059 3318 3755 4302
33
40 42 273 302 403 1146 1185 1362 1434 2444 3122
37 39 151 171 311 1345 1846 1987 3800 4303 4304
49 251 971 3277 4305
49 2118
33 37 39 49 57 678 682 1045 2783 3760
33 40 42 63 66 409 549 564 696 705 911 940 957 1243 1601 1705 2148 2424 2991 3118 3413 3488 3736 4306 4307 4308 4309 4310 4311
39 40 111 479 841 1127 1601 2345 2625 2750
42 49 271 838 1145 1567 1854 2298 2355 3600 3697 3725
40 49
39 40 49 106 185 223 676 1734 3574 4001
3 40 49 90 421 507 971 3542 4303
33 40 42 49 92 309 310 346 353 386 480 499 543 1081 1230 1270 1345 1379 1380 1381 1739 1779 2268 2409 2465 2504 3011 3462 3642 4258 4279 4312 4313 4314 4315 4316 4317 4318
40 42 190 1328 1790 2345 4100
739 2220 2520 2560 4246 4319 4320
40 186 644 1125 1133 1716 1810 3967 3993 4199
265 1133 3014 3794 4198 4321
40 1698 1924 2234 2520 2565 2674 2894 3736 4322 4323
39 42 134 250 371 1145 1215 1345 2524 3988 4324 4325
63 97 558 750 1005 1017 1018 1140 1518 2781 3489 4011 4114 4326 4327 4328 4329
40 42
33 40 1035 1122 1392 2165 4330 4331
33 40 49 637 1732 3901
40 146 1470 2614
24 605 1328 2287 3016 4332 4333 4334 4335
25 32 33 40 42 49 95 190 311 335 641 784 796 813 916 1474 1594 1716 1741 1815 1819 1820 1957 1973 2065 2165 2285 2551 2695 2816 2884 3312 3412 3678 3981 4106 4196 4286 4336 4337 4338 4339 4340 4341
40 49 605 3982
40 42 605 847 1122 1599
40 49 61 96 119 190 419 487 944 1014 1526 1598 1716 1788 1973 2773 3161 4342 4343 4344
40 228 4345
33 49 4014 4157 4346
11 596 1716
300 332 333 449 529 750 985 1057 1228 3412 3463 4003 4027 4287 4347 4348 4349 4350 4351 4352 4353 4354 4355
49 1716 1887 3075 3412 4003 4346
33 39 42 66 171 2239 2393 2625 2639 3048 3672 4356 4357
68 69 136 326 691 763 862 1860 2894 3320 3413 4107 4239 4358 4359 4360
16 33 39 40 42 171 590 2255 2285 4361 4362
33 40 52 61 298 384 545 640 878 1716 1788 2234 2896 3190 4363
3 12 40 49 480 1328 2841
33 42 661 1308 2991 3736 3978
10 49 186 233 311 1669 1740 1764 2165 2959 3849 4364
39 40 42 1530 1716 2326 2977
40 49 118 169 255 593 598 2135 2354 2670 2856 4065 4365 4366
39 42 111 425
37 39 40 42 261 678 3967 4367
40 42 960 1570 1579 2183
37 39 40 49 202 212 250 491 501 786 900 2643 3999 4368 4369 4370 4371
40 42 49 202 270 286 427 435 466 724 1394 1485 1686 1860 2796 3081 3180 3317 3616 3716 4261 4372 4373 4374 4375 4376 4377 4378 4379 4380 4381
40 366 2226 4382 4383
33 49 311
90 1132 2776 4132 4384
40 162 599 1144
704 1122 4385
40 646 1394
40 49 261 523 1114 1175 2823 3605 4386
49 61 247 302 593 685 697 1313 1714 1915 3196
12 31 40 42 66 90 97 353 476 1020 1558 1749 1900 2026 3078 3687 3767 3940 4387 4388 4389
39 40 49 106 272 2239
40 49 221 238 366 403 1122 1580 3967 4390
40 42 49 148 390 593 775 1629 2282
1035 1338 1345 2226 4354 4391
40 49 61 95 750 870 982 1147 1373 1797 1959
61 111 238 421 2092
2785 4392
31 40 130 1020 1792 2376 2396 2506 3504 4393 4394 4395
39 40 51 96 106 112 186 271 439 548 550 1127 1449 1594 1745 2005 2556 2639 2750 3280 3867 4396 4397
33 39 111
32 39 40 42 171 311 343 411 421 598 752 957 1757 2111 2823 3953 4324 4398 4399 4400 4401 4402
476 847 1067 1572 2072 2867
49
42 49 439
40 260 311 4279 4403
40 476 1579 3227 3251 3385
40 49 1597
137 741 823 1084 2243 2837 2931 2943 3071 3532 4404
49 157 790 1122 1777 2920 3599 4405
40 226 1132 1215 1660 1952 4406 4407
33 40 96 108 109 380 761 773 962 1136 2999 3061 3089 3967 4408 4409
33 40 42 1019 1035 2542 3224 4410
33 40 42 49 103 158 271 384 476 523 592 593 678 1001 1005 1235 1630 2081 2110 2330 2355 2356 2491 2574 3009 3114 3294 4411 4412
33 40 49
33 40 214
33 39 49 243 537 735 841 1047 1122 1192 1221 1344 1499 1536 1768 2111 2226 2384 4031 4170 4395 4413 4414 4415 4416
39 258 2516 2517 3027 3098 4417 4418 4419
40 49 102 476 825 847 1215 1296 1797 2750 2903 3412 4420 4421
40 1672 1797 3463 3887 4422
40 80 116 187 352 512 1027 1578 1935 2015 2115 2433 4250 4423
40 80 691 2414 2908 3393 4394 4424 4425 4426
40 49 466 480 750 784 2188
39 171 1215 4427
33 39 40 49 1345 1394 1405 1594 1728 1948 2385 3855 4048 4131 4428 4429
40 49 750 1016 1569 1625 2375 4114 4430 4431 4432 4433
40 49 210 311 3103
33 39 40 171 176 271 549 791 1684 4434
33 40 42 49 148 238 695 1049 1056 1136 1146 1437 1553 1697 1742 2059 2107 2540 3566 4435
33 40 49 161 593 911 931 1670 1997 3784 4436
33 39 40 171 226
42 55 403 654 1328 2311 2469 3478 4437
40 311 375 523 1418 1716 2470 2562 4112
40 2139 3406 4438
40 49 807 3624 4439
40 95 741 1234 1369
40 886 1772 4440
33 42 49 54 148 262 678 1064 1601 2366 3724 3800 4441 4442 4443
33 40 49 1854 3574 4345 4444
42 61 272 855 957 1498 2169 4445 4446
39 40 42 111
39 40 42 49 171 571 2802
40 69 148 209 1083 3127 3237 4447
39 40 111 318 505 506 1653 2660 4448
302 923 3846
51 1122 4449
40 2187
148 180 318 590 1328 1921 2213 2831 3275 4073 4225 4450
666 3392 4451 4452
49 825 2414
469 589 1969 2665 4173 4453 4454 4455 4456 4457
33
40 152 153 212 911 957 1011 3731 4142
750 2425 2674 2991 3978
40 42 49 605 1711 1806 2634 2952 3639 3645 4097 4101 4458 4459 4460
313 484 798 1154 1155 1385 1386 1870 2798 4461
40 42 49 94 2389 3710
3074 3174 4462
39 49 505 1052 1147 2599 2742 2775 2881 3081 3736 4463 4464
49 118 1049 2363 3394 3582 3660 3711 3982
40 51 375 600 1749 2991 3736 4430 4465 4466
172 1328 1642 2109 2529 2868 2989 3161 3851 3982 4467 4468 4469
37 39 40 42 49 114 194 298 523 572 711 994 1855 2250 2260 2390 3292 3591 4301 4470 4471
37 39 40 49 391 476 704
20 40 61 678 980 1579 1917 2228 2250 2848 3254 3292 3645
37 39 40 42 1294 1362
39 40 103 171 1122 2187 2600 4012
33 49 257 382 439 1569 1632 2035 2614 2991 3271 3681 3736 4472
33 847 862 1784 2609 2765 2939 3502 3639 4162 4431 4473 4474
4081 4475
523 790 1389 1716 2152 3712 3752 3914 4476 4477 4478 4479
39 171
2333 4480 4481
42 397 781 1083 4482 4483
49 2750 4019
33 40 904 2949 3196 3549 4484
2765 4270 4485
40 42 676 750 1014 1204 1220 1245 1268 1939 2928 3075 3828 4486 4487
40 49 61 124 202 544 828 866 1133 2400 2516 2715 2768 3274 3359 3993 4125 4199 4488 4489
40 49 262 439 605 895 1693 3982
40 49
40 49 477 2414 3149 3967 4156 4490 4491
661 4492 4493
71 250 478 487 564 690 1065 1264 1455 1912 2703 2735 3534 4196 4445 4494 4495 4496 4497 4498 4499 4500
49 477 1122
61 477 1412 1716 2213
33 42 49 112 426 857 2092 2326 2454 2522 2978 3229 4162 4431 4501 4502
40 61 126 605 1234 1766 2516 2634 2695 2853 2854 2875 2944 3187 3554 3789 4210 4503 4504
33 40 49 750 1047 2065 2991 4505
4367 4506
49 592 4163
33 49 1172 4507 4508
162 1589 3993 4019 4199
33 40 4073
40 547 875 1807 1891 2803 4509 4510
345 784 941 1121 1159 1234 1654 1766 1812 3080 3228 3505 4511 4512 4513 4514
33 40 49 90 398 450 1588
40 49 93 1199 2966 4191
40 238 315 461 1193 1589 1653 3447 4154 4515 4516
40 167 168 443 764 1274 1967 3384 4081 4517
40 90 1349 2100 2512 2760
40 49 838 1081 2127 2623 2991 2998 3054 3796
49 72 4287 4518
12 40 49 96 118 157 250 311 408 422 852 857 862 962 1199 1258 1283 1330 1337 1868 1935 2031 2079 2098 2432 2515 2600 2662 2831 3322 3463 3633 4056 4068 4282 4308 4519 4520 4521 4522 4523 4524 4525 4526
40 42 49 4446
40 49 90 118 243 353 427 1660 1788 1957 2446 2613 3099 3853 4527 4528 4529 4530 4531 4532 4533 4534
40 49 79 230 368 408 811 855 1878 1910 2127 2995 3412 3736 4535 4536 4537 4538
39 40 42 48 593 741 907 1146 1741 2060 2593 3904 4106 4539
3 19 27 33 37 39 207 250 468 482 534 834 1045 1215 1328 1480 1482 2991 3763 3989 4540
40 226 772 1005 1521 1641 1705 2852 4541 4542 4543 4544
53 190 1547 3021 3967
39 40 42 49 2171 2737 3006 4545 4546
33 40 49 102 190 272 523 605 1181 1350 1740 1815 2092 2188 2794 4547
40 49 61 1416 2668 4548 4549
40 49 1319 2338 3947
39 40 42 49 171 250 906 1113 4014 4550
24 39 40 42 49 171 719 2634
40 49 1122 1124 2674 2738 2989 3540 4049 4097 4551
1 33 49 148 415 489 523 554 779 799 825 989 1049 1279 1372 1590 1783 1810 1925 2599 2600 2765 2988 3241 4081 4271 4552 4553 4554 4555
40 42 49 237 238 567 599 1211 1345 1436 1477 1715 1920 2185 2724 2747 3496 3505 4092 4295 4556 4557 4558
1 33 156 238 397 1281 4559 4560
40 2750 3989 4012
37 39 40 42 605
40 42 49 81 112 164 186 268 1345 2506 2674 2849 3271 3892 4095 4194 4561
40 42 49 462 2776 4562
49 61 605 2493 2539 2639 3120 3967 4563 4564
38 39 4565
40 49 90 238 241 476 951 1363 2952 4383 4566 4567
49 2748 3494 3495 3908 4568 4569
196 613 616 784 1052 1244 1619 1626 2168 2551 2966 2991 2995 3174 3187 3736 4416 4570
40 42 84
42 49 66 431 593 1005 1740 1784 2560 2991 3410 3502 3694 3775 4203 4237 4571 4572 4573
40 180 247 593 1912 2065 2246 3741 4358 4574
40 268 279 783 968 3412 3760 4159 4575 4576 4577 4578 4579
42 49 1345 1562 3054 4580
40 102 148 409 424 670 2551
42 49 784 1309
33 66 1215 2055 2081 2399 3079 3839 3995 3996
19 61 63 120 302 534 661 1316 2213 4038 4270
33 49 353 422 469 1716 2187 2267 3841 4108 4581
49 3570
61 273 300 590 599 605 703 784 842 936 1122 2188 2272 2437 2771 2794 2930 4582 4583
40 49 605 982 1181 1350 1369 1671 1716 1797 2270 3324 3587 3841 4526 4584
39 40 42 49 95 106 282 541 847 1090 1215 1382 1404 2474 2853 2991 3314 3579 4585
49 196 207 536 1066 1329 3275 3437 3709 3816 4586 4587
40 49 90 786 985 2260 2797
39 40 42 171 863 1476 2019 2444 3046 4230 4588 4589
536 1122 1902 1959 3180 3669 3892 4006
40 49 90 102 341 375 480 526 617 926 979 996 1053 1199 1250 1294 1462 1626 1636 1660 1716 1857 1965 2011 2055 2217 2251 2398 3324 3667 3841 4189 4423 4574 4590 4591 4592 4593 4594 4595 4596 4597
40 42 61 605 750 786 856 1122 1147 1385 1386 1697 2776 2794 2962 3260 4598 4599 4600 4601
33 40 190 376 415 439 572 1394 2298 4112 4602 4603
40 49 439 496 3055 4604
40 42 353 556 662 698 1253 2999
1943 4605
238 2066 2295 3149 3460 4097 4606
39 40 311 489 1328 1591 1716 1766 1835 2267 2326 4065 4607 4608
42 49 270 593 717 1072 1502 1563 1781 1862 2050 2116 2528 3169 3678 4058 4351 4609 4610 4611
211 593
40 49 117 127 176 350 443 476 661 1125 1398 1768 1804 2541 2991 2992 3029 3504 3828 4612
49 67 180 252 1369 3736 4288 4449
40 42 53 148 493 942 1538 3505
40 49 66 337 440 536 1011 1104 1977 2032 3435 3743 4613
42 250 750 862 1145 4128 4167 4563
1036 1133 1543 1742 1987 3095 3951 3993 4199 4614 4615 4616
40 49 1562 3974
24 40 42
61 72 403 683 793 905 1780 2493 2765 3195 3355 3643 3875 4058
37 39 49 111 245
97 523 537 678 680 845 974 1625 1635 1716 2192 2447 2895 3515 3762 4215
33 42 276 305 329 1188 2387 3679 4170 4617 4618 4619 4620
33 40 49
40 49 61 335 572 741 1063 1267 2695 2781 3183 3412 3548 3740 3760 4621
39 49 111 171 571 856 1114 1715 2762 4622 4623 4624
49 740 1653 1737 3035 3646 4625 4626 4627 4628
1265 1369 4629
40 2023 3344 3889 4630
40 51 66 202 349 536 572 1548 2124 2426 2693 3271 4055 4631 4632 4633 4634
39 40 42 49 695 1021 1832 1939 3619 4635 4636
40 49 3967 4120 4637
39 40 171 447 791 2880 2991 2995 3251 3271 3736 4638
23 40 49 54 60 124 828 1122 1541 2192 2857 4633 4639 4640
33 39 40 42 49 55 106 393 752 975 976 1185 1317 1447 1626 1766 1977 2326 2396 2721 3060 3464 3495 3775 4568 4641 4642
4643 4644
33 3487 3982 4645 4646
40 894
40 3506
42 49 82 208 380 443 495 582 617 716 724 957 977 1250 1519 1641 2081 2138 2160 2393 2547 2869 3372 4308 4375 4420 4647 4648 4649 4650 4651
40 95 353 1373 1716 1741 1860 2375 2426 2787 3075 3540 3664 3665 3841 4108 4372 4652
1131 1154 1155 3260
40 256 1790 3103 3174 4653
3 95 599 1482 1601 2553 4654 4655
40 42
40 42 49 1114 2183 2335 2702 2765 3322 3354 3851 3887 3980 4138 4143 4656
40 704 750 4118 4657
17 40 49 1434 3348 4658
24 40 49 592 812 1129 1350 2984
39 40 156 247 282 353 1860 1952 2200
985 1662 1797 2250 3645
45 77 156 196 534 613 782 928 1601 1780 1938 2142 2246 2263 2488 2529 2908 3039 3087 3110 3162 3281 3348 3548 3570 3610 3642 3879 4037 4038 4144 4293 4598 4659 4660 4661 4662 4663 4664 4665
40 49 61 1314 4038 4270 4666 4667
33 1490 3549 4057 4668 4669
40 495 613 665 894 955 1014 1392 1491 1573 2069 2510 2694 2959 3075 3156 3663 3664 3914 4539 4670 4671 4672 4673 4674 4675 4676 4677 4678 4679 4680 4681 4682
33 40 49 678 1921 2055 2581 2612 2748 2776 2959 3527 4458 4683 4684 4685
49 60 162 574 708 714 987 990 1268 1632 2063 2618 3993 4020 4209 4465 4686 4687
226 925 1743 3664
40
40 50 72 108 1068 3310 4688 4689 4690 4691
167 2085 2482 4618 4687 4692 4693 4694
40 49 942 4695
40 49 1740
49 1660 4106 4696
40 292 561 741 3725 4697 4698
40 49 1967
33 42 49 530 2268 3966 4699
40 49 50 415 452 544 545 690 985 1316 1445 1716 1805 1931 2104 2189 2375 2660 2954 3322 3553 4114 4252 4387 4700 4701 4702 4703
20 40 353 779 875 971 1343 2634 2715 3943 4239
40 49 2169 2371 4704
40 49 4705 4706
24 40 42 49 61 90 115 162 385 605 750 1062 1345 1809 2151 2414 2493 2593 2750 2794 3764 3967 3971 4125 4707
39 49 171 741 2794 2799 4708 4709
49 797 1157 1871 4710 4711
49 847 1625 2493 2991 3694 3736
4712 4713
40 42 49 238 1490 1514 4157
33 40 256 605 1215 3309 4714
77 407 434 539 585 880 893 1281 1426 1596 1770 1787 1906 1910 2033 2148 2172 2326 2472 2525 2545 2556 2920 3180 3271 3317 3459 3599 4163 4209 4715 4716
40 4049
33 40 49 124 424 593 739 750 825 1643 2400 2703 3219 3554 3988 4717 4718
39 42 49 90 171 261 537 605 1147 1601 2794 3374 4112 4161 4719 4720
33 49 750 847 1215 1328 1537 3359 4721
39 42 49 111 1193 2385 2553 4273 4722
33 40 49 67 95 153 742 743 744 982 1797 1915 2389 2414 3279 3359 4073 4141 4658 4723 4724
90 427 1195 1514 1665 2240 3193 3196 3251 3305 4725 4726 4727 4728 4729 4730
40 49 54 61 66 90 182 196 256 257 261 327 400 415 423 482 522 773 925 1081 1122 1185 1199 1233 1234 1313 1379 1381 1430 1716 2185 2493 2602 2627 2634 2877 2880 2988 3503 3566 3643 3711 3783 3797 3914 4266 4494 4627 4731 4732 4733 4734 4735 4736 4737 4738 4739
40 797 866 1003 1157 1534 1535 1808 2321 2526 2653 3136 3546 3691 4740 4741 4742
2194
19 93 95 177 209 339 439 729 798 847 879 914 1154 1155 1215 1873 2742 2835 2908 3152 3716 4076 4114 4257 4358 4743 4744 4745
40 42 439 605 698 1105 2098 2147 4746 4747
10 49 97 339 455 480 857 1926 2823 4748
42 421 847 853 1361 1394 2496
49 66 90 1195 2107
353 1716 2917 3029 4108
40 49 1575 1625 1860 4375
376 676 932 980 1569 2634 3463
33 37 39 40
33 40 1030 4749
40 42 49 2239 3023 3026 4539 4750 4751 4752
33 37 39 40 42 49 375 523 738 1297 2169 3841
33 40 49 95 226 302 571 1097 1215 1369 1716 1766 2742 4068 4487 4753 4754
49 504 1469 2268 2400 2741 3943 4755
123 180 311 422 427 445 532 626 861 875 919 1159 1403 1426 1495 1590 1801 2408 3559 4081 4208 4756 4757 4758 4759 4760 4761 4762 4763 4764 4765
311 375 1114 1405 2848 4766
605 1122 1124 1792 2055 2901 3225 4393 4756 4767 4768
40 49 172 1240 1957 2134 3300 4769
40 61 79 544 1409 1678 2151
40 49 90 124 187 251 261 523 789 917 1323 1854 2516 2611 2816 2991 2995 3324 3694 3736 3978 4161 4431 4625 4770 4771 4772
33 42 49 271 353 796 1108 1632 1740 4341 4449
40 90 243 250 261 311 1481 1913 2187 2352
37 42 1113 1629
40 1841 4773
40 1258 4774
40 46 80 233 682 4775
